-0.48454661 0.36550366 9.76331424 -0.23815999 0.60120000 0.38455999 -3.91125011 -2.35374999 -5.26749992 22.87500000
-0.40558342 0.41635112 9.63230705 -0.23943998 0.60359997 0.38927998 -3.85875015 -2.18750000 -5.40749979 22.87500000
-0.43848476 0.41096730 9.68494987 -0.23840000 0.60215997 0.38343999 -3.33375000 -2.40625000 -5.51249980 22.75000000
-0.37088751 0.41515469 9.63230705 -0.23791999 0.60296001 0.38600001 -3.68374991 -2.29250001 -5.29374980 22.75000000
-0.43010988 0.39601216 9.66520977 -0.23847999 0.60159997 0.38407998 -3.52625012 -2.55500006 -5.48624992 22.75000000
-0.31286156 0.45762734 9.48514938 -0.23847999 0.60159997 0.38407998 -3.86750011 -2.30124998 -5.31125020 22.75000000
-0.42053861 0.41874399 9.63111114 -0.23871998 0.60327997 0.38391998 -3.57875013 -2.51999998 -5.78375005 22.75000000
-0.39302112 0.41635112 9.65145015 -0.23896000 0.60359997 0.38431999 -3.41249990 -2.62500000 -5.35500001 22.75000000
-0.43190445 0.39242291 9.65204811 -0.23847999 0.60239992 0.38407998 -3.54375004 -2.58124995 -5.48624992 22.75000000
-0.43190445 0.41096730 9.67418193 -0.23880000 0.60288000 0.38567998 -3.47375011 -2.24000000 -5.30250024 22.75000000
-0.40259242 0.40737805 9.65623569 -0.23880000 0.60288000 0.38567998 -3.71000003 -2.45000004 -5.50374984 23.00000000
-0.40259242 0.42053861 9.58564758 -0.23808000 0.60271997 0.38528001 -3.29874992 -2.33625006 -5.46875000 23.00000000
-0.37507495 0.44027938 9.62393283 -0.23831999 0.60151996 0.38175997 -3.14124989 -2.70374989 -5.42500019 22.87500000
-0.41515469 0.39960136 9.69990444 -0.23855998 0.60303997 0.38503999 -3.83249998 -2.27500009 -5.48624992 22.87500000
-0.42771706 0.43070812 9.64905738 -0.23880000 0.60215997 0.38528001 -3.76250004 -2.38875007 -5.67000007 22.87500000
-0.43250269 0.41515469 9.65563774 -0.23880000 0.60215997 0.40576000 -3.50874996 -1.95124998 -5.65250015 23.00000000
-0.42412781 0.39062831 9.57308483 -0.23808000 0.60271997 0.38951997 -3.72749996 -2.37124991 -5.17124986 23.00000000
-0.34037899 0.43609194 9.56471061 -0.23880000 0.60127997 0.38551998 -3.32500004 -2.36249995 -5.78375005 23.00000000
-0.37866415 0.42472605 9.59282588 -0.23919999 0.60311994 0.38503999 -3.32500004 -2.45000004 -5.46875000 23.00000000
-0.41455655 0.40618162 9.55454063 -0.23791999 0.60288000 0.38447998 -3.43000006 -2.24874997 -5.38124990 22.75000000
-0.42173500 0.39720857 9.69751262 -0.23791999 0.60288000 0.38455999 -3.53500008 -2.55500006 -5.56500005 22.87500000
-0.41694936 0.39242291 9.62393283 -0.23959999 0.60335998 0.38455999 -4.00750017 -2.51125001 -5.27624988 22.87500000
-0.39182472 0.41036906 9.61495971 -0.23951997 0.60303997 0.38631997 -3.23749995 -2.64249992 -5.85375022 22.87500000
-0.36729824 0.43669013 9.61376285 -0.23903999 0.60055999 0.38407998 -3.41249990 -2.80874996 -5.82749986 22.75000000
-0.45702915 0.39840497 9.71067237 -0.23928000 0.60159997 0.38351998 -3.62249994 -2.09999990 -6.10750007 22.75000000
-0.40199418 0.42113676 9.65085220 -0.23991999 0.60407996 0.38712000 -3.44749999 -2.70374989 -5.63500022 22.75000000
-0.42472605 0.38404800 9.63051223 -0.23991999 0.60407996 0.38712000 -3.80625009 -2.30124998 -5.51249980 22.75000000
-0.39720857 0.40378885 9.56351375 -0.23855998 0.60368003 0.38479997 -4.09499979 -2.34500002 -5.54750013 22.75000000
-0.32901308 0.46241297 9.54915618 -0.23808000 0.60223999 0.38688001 -3.28999996 -2.34500002 -5.40749979 23.00000000
-0.46301121 0.37806596 9.72802066 -0.23783998 0.60088005 0.38567998 -3.35124993 -2.49375009 -5.73124980 23.00000000
-0.42771706 0.41515469 9.65324497 -0.23903999 0.60327997 0.38927998 -3.58750009 -2.45875000 -5.52125024 23.00000000
-0.35653054 0.41276187 9.61017417 -0.23903999 0.60327997 0.38927998 -3.50000000 -2.11750006 -5.37249994 23.00000000
-0.43728833 0.38943190 9.70349407 -0.23855998 0.60423998 0.38712000 -3.41249990 -2.40625000 -5.86250019 23.00000000
-0.45403809 0.40079779 9.68614673 -0.23896000 0.60239992 0.38575997 -3.72749996 -2.39750003 -5.53000020 23.00000000
-0.45463628 0.41336011 9.69631576 -0.23847999 0.60351996 0.38431999 -3.30750012 -2.59875011 -5.74000024 22.75000000
-0.34097721 0.44207401 9.56949615 -0.23959999 0.60079998 0.38688001 -2.87875003 -2.49375009 -5.53000020 23.00000000
-0.42352957 0.40917267 9.63230705 -0.23959999 0.60079998 0.38688001 -4.35750007 -2.65125012 -5.46875000 23.00000000
-0.35772700 0.13639090 9.92363357 -0.23951997 0.60671997 0.37791996 1.86374998 -3.98999996 -5.29374980 23.00000000
-0.39840497 0.18604196 9.42054271 -0.24024000 0.60639996 0.37367999 2.89624996 -2.41499996 -5.92374992 23.00000000
-0.39242291 0.11306087 9.56052303 -0.24015998 0.60776000 0.37983999 4.30499982 -2.62500000 -5.88000011 23.00000000
-0.44925246 0.38344982 9.77767086 -0.23903999 0.60711998 0.38063998 2.53749990 -1.68000006 -5.66125011 23.00000000
-0.45224351 0.40079779 9.65563774 -0.23887999 0.60567998 0.38144001 -6.39625024 -1.87250003 -5.06624984 23.00000000
-0.06699904 0.19501504 9.80279541 -0.23887999 0.60567998 0.38144001 -11.40124988 -3.63124990 -5.13625001 23.00000000
-0.08793622 -0.25483560 9.62213802 -0.23999998 0.60639996 0.37999999 -12.02250003 -3.32500004 -10.81499958 23.00000000
-1.11565351 -0.81954174 9.84586715 -0.24103999 0.60695991 0.37911999 -0.49000000 -3.24624991 -10.35999965 23.00000000
-0.31405797 -0.43310089 9.80459117 -0.24007999 0.60615997 0.37960002 18.89999961 -4.29624986 -7.03499984 23.00000000
0.03768695 0.25782661 9.96072196 -0.24168000 0.60455999 0.38240001 23.99250030 -5.22375011 -8.99499988 23.00000000
-0.04546363 0.48155555 9.91645526 -0.24168000 0.60455999 0.38240001 3.66624999 -8.97749996 -22.97750091 23.00000000
0.07357930 1.00977110 9.21595668 -0.24200000 0.60207991 0.38215999 -2.08249998 -3.50874996 -29.60124969 23.00000000
-0.28115665 -0.36071803 9.43370342 -0.24503998 0.60023999 0.38127999 -9.73875045 -5.07499980 -31.44750022 23.00000000
-1.45005044 0.68733835 9.90688419 -0.24607999 0.59935998 0.38127999 -6.66750001 -5.04874992 -27.37000083 22.75000000
-0.56171512 0.79980092 9.36909675 -0.24728000 0.59944000 0.38152000 0.98000001 -4.40999984 -4.55000019 22.75000000
-0.14955141 0.23030920 9.67059326 -0.24728000 0.59944000 0.38152000 -2.46749997 -5.38999986 -5.59124994 22.75000000
-0.58803615 0.02273182 9.46301460 -0.24584000 0.60008001 0.37344000 -9.07375049 -1.82000007 -5.39874982 22.75000000
-0.23688945 0.25363919 9.03529834 -0.24607999 0.59912004 0.38023998 -14.28874969 -0.84000005 -7.00874996 22.75000000
-0.55034923 0.43010988 10.46620559 -0.24487998 0.60103998 0.37863998 -15.47000026 -0.58625001 -5.53000020 22.87500000
-0.43190445 0.35832521 10.38544845 -0.24440000 0.60232000 0.37903997 -12.48624992 0.27999999 -5.11000013 23.12500000
-0.36011981 -0.06041877 9.08375358 -0.24440000 0.60232000 0.37903997 -9.73875045 -0.14875000 -4.85624980 23.00000000
-0.46301121 0.41395835 9.69511890 -0.24400000 0.60255999 0.37975997 -4.90000009 -2.77375006 -5.13625001 23.00000000
-0.53599233 0.29312076 9.51146984 -0.24400000 0.60288000 0.37895998 -4.55875015 -1.39999998 -5.90625000 23.00000000
-0.39003009 0.23270199 9.73818969 -0.24359998 0.60127997 0.37863998 -4.03375005 -2.13499999 -5.75750017 23.00000000
-0.33798620 0.15852451 9.71246719 -0.24463999 0.60064001 0.37991998 0.50749998 -1.39999998 -5.53875017 23.00000000
-0.43609194 0.31645081 9.75673484 -0.24463999 0.60064001 0.37991998 0.09625000 -0.29750001 -5.56500005 23.00000000
-0.44267215 0.26201410 9.61316490 -0.24367997 0.60199999 0.37760000 -2.48499989 -0.70875000 -5.48624992 23.00000000
0.21834506 0.96490573 9.14895820 -0.24384000 0.60296001 0.37919998 -3.34249997 -2.99250011 -7.92750024 23.00000000
-0.65802617 0.43609194 10.09352397 -0.24320001 0.60447998 0.38007998 -16.47624969 -2.02999997 -6.16874980 23.12500000
-0.67058858 0.16450654 9.91107177 -0.24168000 0.60255999 0.37791996 -19.46000099 -1.12874996 -3.70125007 22.87500000
-0.26261231 0.18305093 9.29551792 -0.24168000 0.60255999 0.37791996 -17.75374984 -3.42125010 -2.10875010 22.87500000
-0.02093720 -0.30687952 10.16710376 -0.24168000 0.60391998 0.38056001 -14.09625053 -6.95625019 -4.28749990 22.87500000
0.31046872 -0.14057832 9.36610698 -0.24272000 0.60399999 0.38056001 -5.40749979 -3.26375007 -3.93750000 22.87500000
-0.63230333 0.43489551 9.94157981 -0.24159998 0.60335998 0.37551999 -1.34749996 -2.27500009 -5.94999980 22.87500000
-0.35473597 0.02871387 9.79143047 -0.24135999 0.60320000 0.37535998 -6.78125000 -3.55250000 -9.17000007 22.87500000
-0.00478565 0.32063820 9.43968582 -0.24135999 0.60320000 0.37535998 -6.77250003 -8.98624992 -10.50874996 22.87500000
-0.31405797 0.45284171 10.85204887 -0.24039998 0.60103998 0.37167999 -6.83375024 -14.28874969 -8.15499973 22.87500000
-0.74057860 0.66520471 10.65583801 -0.24231998 0.59815998 0.37439999 -9.36250019 -17.18499946 -3.61374998 22.87500000
-0.56949181 -0.00418744 8.63330364 -0.24303998 0.59815998 0.37079999 -9.28374958 -16.42374992 -2.05625009 22.87500000
0.12442678 0.54855461 8.56750202 -0.24303998 0.59367995 0.37256000 11.96125030 -13.29125022 -5.24125003 22.87500000
0.22432711 1.15752804 9.48514938 -0.24343998 0.58888001 0.37511997 18.02499961 -12.62625026 -6.49249982 22.87500000
-1.10368943 0.92004032 8.78046321 -0.24343998 0.58888001 0.37511997 16.81749916 2.63374996 -8.95125007 22.87500000
-1.75872459 -0.05563312 8.66500949 -0.24320001 0.57839994 0.38031997 16.57250022 1.24249994 -13.79874992 22.87500000
0.42053861 -0.71904320 10.98724269 -0.24567999 0.57127995 0.37760000 14.78750038 -4.42750024 -19.50374984 22.87500000
0.25782661 -0.11246267 9.67477989 -0.24672000 0.56767997 0.37919998 13.60624980 -5.74000024 -16.46750068 23.00000000
-0.54137616 -0.77527456 9.02154064 -0.24623999 0.56168003 0.38279998 20.90374946 -4.31374979 -10.66625022 22.87500000
-0.30927231 0.20159533 10.22812080 -0.24623999 0.56168003 0.38279998 19.46875000 -10.29874992 -9.55500030 22.87500000
-0.15792629 0.91704921 10.19342517 -0.24736001 0.55583996 0.38127999 14.70874977 -10.43000030 -12.21500015 23.12500000
-0.21894326 0.11784652 10.33938694 -0.24847998 0.55047998 0.38175997 8.26000022 -14.18375015 -16.18750000 22.87500000
0.16450654 -0.25782661 11.01236820 -0.25223999 0.55039997 0.37751998 -25.20000076 -24.97249984 -12.56499958 22.87500000
-0.87936229 0.68374910 10.05284595 -0.25432000 0.55055999 0.37599997 -21.50749969 -22.79375076 -7.00000000 22.87500000
0.16211372 1.20299160 9.17228698 -0.25432000 0.55055999 0.37599997 -3.65750002 -26.94124984 -13.09000015 22.87500000
0.83509511 1.12582302 9.33499908 -0.25719997 0.54975996 0.37847998 -2.67750000 -27.80750083 -14.56000041 22.87500000
0.70408802 0.64546394 8.83190822 -0.26144001 0.54735999 0.37191998 -11.96125030 -23.39750099 -15.87250041 23.00000000
0.46959142 -1.02532446 9.16989517 -0.26287999 0.54215998 0.36951997 -15.44375038 -23.00374984 -15.13749980 23.00000000
0.64905309 -0.40019960 9.96371364 -0.26624000 0.54208002 0.36831998 -17.01874923 -21.53375053 -11.71625041 22.75000000
-0.42173500 0.31286156 10.21436119 -0.26624000 0.54208002 0.36831998 -22.30375099 -20.39624977 -8.01500034 23.00000000
0.14237295 1.06241321 9.71485996 -0.26607999 0.54527997 0.35984001 -11.87374973 -19.53000068 -4.13875007 23.00000000
0.72023963 1.24666059 9.99661540 -0.26888000 0.54432001 0.36360001 -6.15999984 -21.27124977 -6.22125005 23.00000000
0.76271224 -0.26380870 9.38165950 -0.27072000 0.54279999 0.36000001 -18.20000076 -20.37000083 -11.64624977 23.00000000
0.88474617 -0.50727839 8.42333412 -0.27000000 0.54000000 0.35839998 -20.05500030 -14.86625003 -11.43624973 23.00000000
0.33439693 0.15912269 8.72004413 -0.27000000 0.54000000 0.35839998 -5.97625017 -11.89999961 -8.99499988 22.87500000
0.22671992 -0.57607202 10.17428207 -0.27207996 0.53903999 0.36272001 -1.19000005 -9.66874980 -7.47249984 22.87500000
0.07477571 -0.24287149 10.13360404 -0.27232000 0.53968000 0.35872001 15.19000053 -5.75750017 -5.56500005 22.87500000
-0.02991028 -0.18125630 9.77109146 -0.27256000 0.53392000 0.36047997 45.25500106 -7.21000003 -10.68375015 22.87500000
0.59282183 -0.14835500 10.32443237 -0.27391996 0.52376003 0.36463999 70.72624969 -3.89375000 -16.94000053 22.87500000
1.49371957 0.05922236 11.51486015 -0.27391996 0.52376003 0.36463999 97.93875122 11.37500000 -16.84375000 22.87500000
0.34456648 2.63509607 11.43290710 -0.27232000 0.51215991 0.37239999 76.88625335 22.43499946 -16.37125015 22.87500000
0.00059821 2.85344104 11.15414237 -0.26935997 0.50808000 0.37416000 -23.88750076 24.93750000 -5.25000000 22.87500000
-0.05623133 1.52183523 10.67438220 -0.26672000 0.51503996 0.37119998 -61.17124938 22.49625015 -3.36875009 22.87500000
0.25962126 1.35314118 10.87896823 -0.26279997 0.52128000 0.36912000 -53.41875076 30.65999984 -8.45250034 23.00000000
0.71186475 0.29910283 10.25922679 -0.26279997 0.52128000 0.36912000 -25.54999923 41.73749923 -13.01125049 23.00000000
-0.25603201 0.55334019 8.04407215 -0.25839998 0.51864004 0.37479999 -15.59249973 51.60750198 -9.05624961 23.00000000
-0.66999030 0.43549375 7.26640367 -0.25367999 0.51895995 0.36928000 -38.82374954 39.30500030 -3.33375000 22.87500000
-0.59042901 0.20997018 6.92662382 -0.25248000 0.52495999 0.36423997 -72.89624786 -5.75750017 4.05999994 22.87500000
-0.67537422 0.50847482 7.01755094 -0.25448000 0.52959995 0.35888001 -62.48374938 -17.01000022 -3.17624998 22.87500000
-0.37507495 0.85902328 8.52084159 -0.25448000 0.52959995 0.35888001 -16.35375022 -21.13125038 -13.14249992 22.87500000
-0.03230310 1.11625182 10.33938694 -0.25831999 0.53119997 0.35791997 10.31624984 -13.14249992 -18.96125030 22.87500000
-0.42233319 1.29930269 10.61814975 -0.26128001 0.52432003 0.36055998 21.14875030 2.29250001 -28.51625061 22.87500000
-0.23928227 1.01156580 10.32084274 -0.26335999 0.51760001 0.35967998 -3.56124997 -2.18750000 -28.80500030 22.87500000
0.53060846 -0.04366901 10.79761219 -0.26919996 0.52184000 0.35367999 -80.16750335 -25.34000015 -19.45125007 22.87500000
-0.03110669 0.23569302 11.56032466 -0.27344000 0.52943997 0.34584000 -97.72000122 -26.93250083 -14.83125019 22.87500000
0.78125662 0.08554342 12.24467277 -0.27344000 0.52943997 0.34584000 -86.23999786 -10.20250034 -17.95499992 22.87500000
0.55992050 0.12741780 12.11725330 -0.27591996 0.53232002 0.33671998 -76.66750335 8.69750022 -19.33749961 22.87500000
-0.07657032 -0.02512464 10.50748252 -0.27616000 0.53176002 0.33647999 -69.13375091 25.49749946 -22.20750045 22.87500000
-0.04965107 -0.59342002 9.33619594 -0.27719998 0.53288002 0.33168001 -79.04750061 20.57125091 -23.16124916 22.87500000
0.17766709 -1.40757799 9.27398204 -0.28175997 0.54056000 0.32904000 -125.55374908 -0.04375000 -17.12375068 22.87500000
0.12921242 -1.80418825 9.48933696 -0.28175997 0.54056000 0.32904000 -128.99250793 -4.59375000 -14.73499965 22.87500000
-0.10468599 -1.27716910 9.54197788 -0.28480000 0.54783992 0.31919999 -105.16625213 -3.15000009 -16.01250076 23.00000000
-0.20997018 -1.30049908 9.08255672 -0.28647996 0.54951996 0.30871999 -99.44374847 -0.13125000 -18.54125022 22.87500000
0.03290131 -2.82472686 8.68175888 -0.28839998 0.55191998 0.30351998 -108.56124877 -0.18375000 -20.57999992 22.87500000
0.33200411 -3.21834635 8.84686374 -0.29087999 0.55639991 0.29583999 -118.16000366 -8.85500049 -18.35750007 22.87500000
0.72861452 -3.54616308 8.79781055 -0.29087999 0.55639991 0.29583999 -117.11875152 -11.64624977 -13.73750019 22.87500000
0.52941203 -4.16710042 7.52183818 -0.29519998 0.56175999 0.29152000 -115.29875183 -9.86124992 -8.52250003 22.87500000
-0.06400800 -3.73459768 7.13360214 -0.29679999 0.56904001 0.27999999 -104.61499786 -15.18124961 -7.09625005 22.87500000
-0.31286156 -3.07836651 7.68694305 -0.29951999 0.57272000 0.27360000 -82.35500335 -18.20000076 -10.56124973 22.87500000
-0.01435693 -3.26620292 7.94955492 -0.30119996 0.57575998 0.26735997 -79.67749786 -21.57749938 -13.55375003 22.87500000
0.61675000 -4.54038095 7.93639469 -0.30119996 0.57575998 0.26735997 -96.52999877 -30.88750076 -7.23624992 22.87500000
0.72083783 -5.98325347 7.65523767 -0.30376000 0.57951998 0.25983998 -96.21500396 -27.93000030 4.22625017 22.87500000
0.70408802 -5.42273473 7.37826919 -0.30623998 0.58608002 0.25183999 -68.11000061 -24.70125007 10.25500011 22.87500000
0.54616174 -4.76590442 7.51884651 -0.30752000 0.59215998 0.24447999 -69.51875305 -28.25374984 -1.33000004 22.87500000
0.40977087 -5.51306390 7.96750116 -0.30871999 0.59791998 0.23600001 -71.49625396 -35.27125167 -0.21875000 22.87500000
0.66281180 -4.74855661 8.50947570 -0.30871999 0.59791998 0.23600001 -56.34125137 -30.09124946 -1.56624994 22.87500000
0.45164527 -4.49312257 8.21934604 -0.30983998 0.59895997 0.22616000 -69.41374969 -26.68750000 -4.56750011 22.87500000
0.57188463 -5.50289392 8.07757091 -0.31191997 0.60232000 0.22215998 -76.30000305 -25.15625000 -5.12750005 22.87500000
0.92781696 -6.11306381 7.57328367 -0.31360001 0.60727996 0.21735999 -60.25249862 -17.86750030 -2.40625000 22.87500000
0.59342002 -6.51445913 7.50149917 -0.31312000 0.61167998 0.21247999 -52.06250000 -14.21875000 3.90249996 22.87500000
0.60478591 -5.80977344 8.05543804 -0.31312000 0.61167998 0.21247999 -42.69124984 -20.61499977 7.64750003 23.00000000
1.32263278 -6.51266479 8.56331443 -0.31343998 0.61607990 0.21255998 -57.25125122 -25.41875076 10.09749984 23.00000000
1.33639144 -6.59222698 8.55673408 -0.31255998 0.62079997 0.20391998 -62.58874893 -15.19000053 20.57999992 23.00000000
0.85722875 -5.58843755 8.23968505 -0.31079998 0.62224001 0.19711999 -56.60375213 -6.56250000 14.86625003 22.87500000
0.82612199 -5.92462873 7.79282569 -0.31184000 0.62648000 0.19144000 -68.22374725 -7.42000007 1.96875000 22.87500000
0.90628156 -6.38285398 7.42492866 -0.31184000 0.62967996 0.18887998 -68.94999694 -5.87125015 0.00875000 23.00000000
0.63230333 -6.72502851 6.44446945 -0.31247997 0.62967996 0.18887998 -55.71125030 1.94250001 8.73250007 23.00000000
0.24646072 -6.49830818 5.94676256 -0.31079998 0.63423995 0.18280000 -54.96749877 -1.19000005 15.55749988 23.00000000
0.20578274 -7.55892658 5.93958425 -0.30631999 0.63703994 0.17904000 -51.83499908 -12.16250038 26.14500045 22.87500000
0.48454661 -6.65802907 6.95892667 -0.30519998 0.64232006 0.17447998 -41.95624923 -18.93499946 32.31375122 23.00000000
1.33698964 -6.62273502 7.50149917 -0.30103995 0.65103998 0.16872000 -81.39250183 -36.29500198 40.47750091 22.75000000
1.26161575 -6.71366262 7.66480922 -0.30103995 0.65103998 0.16872000 -98.51625061 -31.50000000 40.99375152 22.75000000
1.22991085 -7.12762022 7.10070133 -0.29800000 0.65751991 0.14911998 -84.29750061 -12.30249977 16.75625038 22.75000000
0.53539409 -7.61097097 5.51485824 -0.29800000 0.66215996 0.14831998 -59.78874969 -0.98874998 9.84375000 23.00000000
-0.17228324 -7.14855766 5.04466819 -0.29656000 0.66176004 0.15055999 -2.59875011 12.61750030 1.76750001 23.00000000
-0.17347965 -7.02054166 4.93400001 -0.29551997 0.65943999 0.15335999 24.36000061 13.92125034 -5.32000017 22.75000000
-0.70229339 -7.26341295 5.57108926 -0.29551997 0.65943999 0.15335999 46.22624969 4.69000005 -7.29750013 22.75000000
-0.20877377 -7.25443983 6.57487821 -0.29704000 0.65839996 0.16080000 24.07999992 -12.55624961 3.35124993 23.00000000
0.80997047 -8.04526805 8.33779048 -0.29432001 0.66368002 0.15351998 -44.07374954 -30.59000015 30.38875007 23.00000000
1.68394889 -7.87477970 8.83789062 -0.28911998 0.67016000 0.14767999 -66.98999786 -26.80999946 45.76250076 23.00000000
1.02771735 -7.45483922 8.45384216 -0.28400001 0.67655997 0.14359998 -68.80124664 7.21000003 50.85499954 23.00000000
0.32901308 -7.07497882 6.52103948 -0.28400001 0.67655997 0.14359998 -55.44874954 21.95375061 28.40250015 23.00000000
-0.37507495 -7.16291427 5.63330268 -0.28095998 0.67736001 0.14344000 -39.98749923 29.83749961 -3.44749999 23.00000000
-0.63649077 -7.13180780 4.74137783 -0.28200001 0.67887997 0.14407999 -39.14749908 24.48250007 -6.91249990 23.00000000
-0.25363919 -7.82094097 4.52662229 -0.28143999 0.68023996 0.14071999 -38.29000091 8.20750045 -4.50624990 23.00000000
-0.26859431 -8.34616565 4.49910497 -0.27999999 0.68327999 0.13631999 -35.45500183 4.00750017 15.97749996 22.87500000
-0.22432711 -8.06799983 4.60199594 -0.27999999 0.68327999 0.13631999 -25.48875045 -2.85249996 23.99250030 22.87500000
-0.19800607 -8.19840908 5.23968362 -0.27544000 0.68647999 0.14767999 -31.09749984 -11.82999992 30.12624931 23.00000000
0.60717873 -8.51007366 5.50468873 -0.27167999 0.68888001 0.13408000 -31.30750083 -11.78625011 28.93625068 22.75000000
0.41455655 -9.06879806 6.06101989 -0.27104001 0.69247999 0.13327999 -9.71249961 -0.87500000 10.33374977 23.00000000
0.24227330 -8.99402236 6.11844778 -0.27015998 0.69120001 0.13367998 10.56999969 5.07499980 -5.38999986 23.00000000
-0.73399829 -8.20439052 5.96829748 -0.27015998 0.69120001 0.13367998 14.04374980 4.61124992 -18.78624916 23.00000000
-0.45942192 -8.34556674 6.49471855 -0.27095999 0.69151997 0.14263999 -20.59749984 -1.39999998 -8.38249969 23.00000000
0.07597212 -8.91745185 6.62452983 -0.26863999 0.69423999 0.13239998 -83.33499908 -5.44250011 22.82875061 23.00000000
0.54616174 -8.92283630 6.50668334 -0.26696000 0.69807996 0.12472000 -80.60500335 3.09750008 25.01625061 23.00000000
-0.22791635 -9.08554744 6.08255481 -0.26487998 0.69903998 0.12544000 -8.93375015 27.57999992 1.04124999 23.00000000
-1.06779718 -7.96929597 4.85085010 -0.26487998 0.69903998 0.12544000 22.30375099 32.79500198 -3.14124989 23.00000000
-1.02412807 -7.42552661 4.83768892 -0.26519999 0.69944000 0.13463999 -17.30750083 14.34125041 9.54625034 23.00000000
-0.41814575 -8.11107063 5.12422990 -0.26216001 0.70239996 0.12863999 -57.69750213 2.58124995 14.63000011 23.00000000
0.17108681 -9.57906818 5.10329246 -0.26079998 0.70567998 0.12352000 -72.22250366 3.27250003 7.84875011 23.00000000
-0.30747771 -9.82911682 4.74676227 -0.25927999 0.70639996 0.12224000 -47.65250015 12.70499992 6.41375017 22.87500000
-1.02472639 -8.32463073 3.55334162 -0.25927999 0.70639996 0.12224000 -5.78375005 18.05125045 3.24624991 23.00000000
-1.66899385 -7.91426086 3.05503654 -0.25839998 0.70895996 0.12152000 0.69125003 12.56499958 -2.22250008 23.00000000
-1.43030977 -8.19422149 3.38883495 -0.25776000 0.70936002 0.12096000 -12.77499961 -8.65375041 -2.18750000 23.00000000
-0.48933224 -8.60518836 4.23768901 -0.25823998 0.70855998 0.11888000 -17.79750061 -16.43250083 -5.03125000 22.75000000
-0.28534410 -8.63150978 4.48953342 -0.25679998 0.70855998 0.11824001 -18.65500068 -18.03375053 -10.93750000 22.75000000
-0.71784682 -8.94496917 4.45603418 -0.25679998 0.70855998 0.11824001 -14.78750038 -14.95374965 -12.58250045 23.00000000
-1.16650104 -8.92283630 4.48235511 -0.25935997 0.70895996 0.11391999 4.18249988 -11.10375022 -13.73750019 23.00000000
-1.40398874 -8.91266632 4.72403049 -0.26128001 0.70751996 0.11496000 8.22500038 -12.36375045 -14.44624996 23.00000000
-0.58624153 -8.97966480 5.44307327 -0.26007997 0.70887999 0.11176000 -24.27250099 -17.78874969 8.26000022 22.87500000
-0.27338001 -9.26261615 5.31864643 -0.25711998 0.71079998 0.10759999 -44.40625000 -15.07625007 20.00250053 22.87500000
-0.01674976 -9.20040321 5.05005216 -0.25711998 0.71079998 0.10127999 -46.90874862 -5.59999990 21.28000068 22.87500000
-1.01635146 -8.95633506 4.56311273 -0.25367999 0.71271996 0.10127999 -28.88375091 -3.81500005 9.38875007 22.87500000
-1.39681016 -8.55434036 4.39501714 -0.25351998 0.71375999 0.10696001 13.59749984 -1.01499998 -6.56250000 22.87500000
-0.82791671 -8.55015277 4.85742998 -0.25512001 0.71303997 0.10568001 18.88249969 -1.72375001 -10.98999977 22.87500000
-0.50368919 -9.33260631 5.19003248 -0.25551998 0.71383996 0.10176000 -10.34249973 -6.76375007 -11.48875045 22.87500000
-0.29730820 -9.64486980 5.16072034 -0.25375998 0.71559996 0.09968000 -27.90374946 -5.47749996 -0.55124998 22.87500000
-0.34815568 -9.13759136 4.50209569 -0.25375998 0.71559996 0.09968000 -25.42749977 4.48874998 13.08125019 22.87500000
-0.95892372 -9.04606628 4.22572469 -0.25119998 0.71535997 0.09792000 -2.66875004 7.46374988 1.63625001 22.87500000
-0.91226367 -8.14696311 4.25563526 -0.25215997 0.71503996 0.10528000 8.69750022 0.91875000 -2.65125012 23.00000000
-0.74356966 -8.53998374 4.88375091 -0.25199999 0.71751995 0.10112000 -12.45125007 -5.39874982 -1.68875002 23.00000000
-0.45523452 -8.96052265 4.95314311 -0.25079998 0.71711997 0.09600001 -28.64750099 -4.96999979 -2.49375009 22.87500000
-0.86739826 -9.11665439 4.41834688 -0.25079998 0.71711997 0.09600001 -14.15750026 8.43500041 -7.50750017 22.87500000
-1.07677018 -8.99641513 3.93140745 -0.25064001 0.71831998 0.10272001 5.13625001 7.56874990 -5.98500013 23.00000000
-1.21914315 -9.14835929 3.61854624 -0.25088000 0.71767997 0.10176000 -9.08250045 -1.61875000 2.30124998 22.87500000
-0.68973112 -9.48754215 4.05583477 -0.25031998 0.71704001 0.09936000 -11.27875041 -6.56250000 3.50000000 22.87500000
-0.44745788 -9.32124137 4.47098922 -0.24935998 0.71839995 0.10279999 -2.30999994 -10.76249980 -3.48250007 22.87500000
-0.77826552 -8.72901725 4.78624343 -0.24935998 0.71839995 0.10279999 1.26874995 -7.41125011 -3.08875012 22.87500000
-0.86321077 -8.64885711 4.78983306 -0.24983999 0.71911997 0.10288000 -2.83500003 -1.47000002 -3.50000000 23.00000000
-1.15752804 -8.90369319 4.22452878 -0.24959998 0.71839995 0.09992000 -3.75375008 -0.30625000 -4.29624986 22.87500000
-0.85962152 -9.14895820 4.10428905 -0.24887998 0.71776003 0.09944000 -9.86124992 -4.76875019 -3.69250011 22.87500000
-0.88594255 -9.04726314 4.35074996 -0.24951999 0.71855998 0.09992000 -11.97875022 -6.68499994 -2.43250012 22.87500000
-0.89611206 -8.65962505 4.61216545 -0.24951999 0.71855998 0.09992000 -10.51749992 -8.04125022 -2.76500010 22.87500000
-0.83270225 -8.67458057 4.60020160 -0.24895999 0.71887998 0.09072000 -9.40625000 -6.32625007 -4.30499982 22.87500000
-0.93619194 -8.94975471 4.48654270 -0.24823999 0.71968002 0.09512001 -0.77874999 -1.29499996 -6.89499998 22.87500000
-0.94935235 -9.00419139 4.26101875 -0.24751999 0.71895999 0.09784000 6.79874992 -0.01750000 -7.84000015 22.87500000
-0.97627172 -8.99282550 4.30468797 -0.24879999 0.71767997 0.09960000 7.44624996 -2.67750000 -9.29250049 22.87500000
-0.69750781 -8.87258625 4.59182643 -0.24879999 0.71767997 0.09960000 -0.60374999 -5.80999994 -10.43000030 22.87500000
-0.63708906 -9.10708332 4.83828735 -0.24976000 0.71704001 0.09224000 -14.63000011 -6.74625015 -9.64249992 22.87500000
-0.67417774 -9.06879806 4.86460828 -0.25119998 0.71759996 0.09520000 -16.10000038 -4.43625020 -5.41625022 22.87500000
-0.81535425 -9.09870815 4.35493755 -0.25031998 0.71887998 0.09520000 -5.62624979 2.02999997 -4.75124979 22.87500000
-1.03070831 -9.07298469 4.21017122 -0.24959998 0.71679997 0.09744000 -0.64749999 2.35374999 -3.34249997 22.87500000
-0.84646110 -8.91087150 4.09890556 -0.24959998 0.71679997 0.09744000 1.25125002 -2.13499999 -3.74500012 22.87500000
-0.82253274 -8.90309524 4.45304298 -0.24864001 0.71831998 0.09264000 0.50749998 -3.18499994 -5.06624984 22.87500000
-0.79680995 -9.01376342 4.70189666 -0.25055999 0.71776003 0.09960000 -3.04500007 -5.98500013 -9.78250026 23.12500000
-0.60478591 -9.32662487 4.64925432 -0.25064001 0.71767997 0.09656000 -9.63374996 -5.40749979 -7.53375005 23.00000000
-0.57726850 -9.29133033 4.68155765 -0.24887998 0.71871995 0.09552000 -9.83500003 -0.76999998 -2.05625009 22.87500000
-1.09471643 -9.05204772 4.23709058 -0.24887998 0.71871995 0.09552000 -1.54875001 0.91000003 -3.32500004 23.00000000
-1.00917291 -8.54357337 4.28315258 -0.24959998 0.71951999 0.10144000 -0.65625000 -2.80874996 -4.08624982 23.00000000
-0.90747795 -8.54297542 4.51465797 -0.24872000 0.71792001 0.09856000 -9.59000015 -6.24749994 -3.65750002 22.87500000
-0.54376893 -8.94736194 4.77786874 -0.24911999 0.71815996 0.09711999 -10.99874973 -4.25250005 -6.30875015 22.87500000
-0.75613193 -9.14058303 4.52303314 -0.24927999 0.71863994 0.09576000 -5.61749982 0.18375000 -7.85750007 22.87500000
-1.14676034 -9.18963623 4.09411954 -0.24927999 0.71863994 0.09576000 0.50749998 1.37374997 -7.92750024 22.87500000
-0.79680995 -9.18365287 4.39920425 -0.24887998 0.71799998 0.09272001 -0.15750000 -1.66250000 -6.26499986 22.87500000
-0.71246290 -9.27876853 4.63848686 -0.25072000 0.71863994 0.09856000 8.81999969 -2.24874997 -8.11124992 22.87500000
-0.85603227 -9.14536857 4.74317264 -0.25151996 0.71647996 0.10120000 18.25250053 0.27999999 -11.12125015 23.00000000
-1.15573334 -9.15194892 5.13080978 -0.25207998 0.71568002 0.10472000 29.62750053 3.14124989 -18.11249923 22.87500000
-1.01575326 -8.94496917 5.38564586 -0.25207998 0.71343998 0.11064000 33.63499832 5.51249980 -14.20125007 22.87500000
-0.92662057 -8.42213726 4.95314311 -0.25415997 0.71343998 0.11064000 59.92874908 18.73374938 -16.65125083 22.87500000
-0.94636135 -8.12004375 4.18504714 -0.25455999 0.70951995 0.12072000 82.20625305 31.39500045 -27.81624984 22.87500000
-1.67437753 -8.14696311 2.70388960 -0.25647997 0.70335998 0.14039999 126.96250152 30.01250076 -32.04249954 22.87500000
-2.68893456 -8.48674392 3.08135747 -0.26007997 0.69527997 0.15823998 154.30624389 4.77750015 -35.40250015 22.87500000
-1.64327096 -8.54297542 4.50807809 -0.26559998 0.68592000 0.17071999 148.59249877 -21.14875030 -37.99250030 23.00000000
0.02632105 -8.18046188 7.85503864 -0.26559998 0.68592000 0.17071999 78.61000061 -53.91749954 -29.04999923 23.00000000
1.09830558 -7.90169858 8.95872783 -0.26960000 0.68215994 0.17223999 32.38375091 -44.36249923 -27.65875053 22.87500000
1.86699972 -9.84706401 9.22074222 -0.27416000 0.67863998 0.17239999 13.59749984 2.19624996 -25.27874946 23.00000000
-0.42352957 -7.92084121 7.39741086 -0.27487998 0.67224001 0.18439998 68.18875122 30.13500022 -21.51625061 23.00000000
-1.25742828 -6.91406106 6.17826795 -0.27711999 0.65720005 0.21119999 196.78750610 63.97999954 -46.11249923 23.00000000
-2.07577371 -4.57029151 4.28135776 -0.27711999 0.65720005 0.21119999 211.34750366 61.71374893 -37.11750030 23.00000000
-2.06739878 -3.73639249 4.24845695 -0.27695999 0.64256000 0.23600001 147.07875061 21.43750000 -25.90875053 23.00000000
-0.23509480 -4.48953342 5.04287338 -0.28087999 0.63120002 0.24287998 111.50125122 -8.01500034 -31.86750030 22.87500000
0.44626145 -6.52941465 7.78923606 -0.28527998 0.62192001 0.25023999 108.87625122 -35.18375015 -42.25374984 23.00000000
0.76749782 -6.47437953 9.03051280 -0.29072000 0.60535998 0.26359999 133.68249511 -28.01749992 -50.00624847 23.00000000
0.82432737 -6.08734083 9.77288627 -0.29072000 0.60535998 0.26359999 170.38000488 -1.63625001 -60.76000213 23.00000000
-0.11066805 -4.59960317 9.45045375 -0.29623999 0.58583998 0.28015999 176.86375427 12.06624984 -56.70875167 23.00000000
-0.19022940 -4.24187612 9.19382381 -0.30032000 0.56423997 0.29175996 185.32499694 22.34749984 -54.94124984 23.00000000
-0.37447676 -3.89252424 8.95932579 -0.30135998 0.54535999 0.30552000 180.45124816 22.91625022 -45.70125198 23.00000000
-0.25363919 -3.44805765 9.11126995 -0.30255999 0.52719998 0.31775999 168.26249694 18.04249954 -33.14500045 23.00000000
0.33918263 -2.98384971 9.82014465 -0.30255999 0.52719998 0.31775999 167.37875366 15.10249996 -38.00125122 23.00000000
0.37148573 -2.70867538 10.00439167 -0.30383996 0.50391998 0.32551999 162.22500610 18.60250091 -46.80374908 23.00000000
0.36610188 -2.64107799 9.66520977 -0.30599999 0.48336000 0.33951997 170.61625671 25.66374969 -56.13124847 23.00000000
-0.23988049 -2.11046957 9.47617626 -0.30575995 0.45455999 0.34967999 212.25750732 38.65750122 -78.63625335 23.00000000
-0.14596218 -2.03748869 9.72144031 -0.30607998 0.42583999 0.35984001 221.32249450 40.22375106 -74.34000396 23.00000000
-0.24406793 -1.11026978 10.49312591 -0.30607998 0.42583999 0.35984001 180.25874328 35.83124923 -28.49875068 23.00000000
-0.32662029 -0.92183494 10.33101177 -0.30247998 0.40631999 0.36800000 157.32499694 38.46500015 -17.64875030 23.00000000
-0.31764721 0.18604196 9.92542839 -0.29791998 0.38688001 0.37135996 139.86874389 48.75500106 -26.40749931 22.75000000
-0.32781672 3.97567481 9.80040359 -0.29263997 0.36872000 0.37400002 126.27124786 47.81874847 -71.53125000 22.87500000
-0.44865422 5.92103958 9.72383308 -0.29312000 0.35663998 0.37616000 43.84624862 22.05875015 -104.17749786 22.87500000
0.39062831 7.39741086 10.03071212 -0.29672000 0.35199999 0.37879996 -71.90750122 -22.87249946 -174.06375122 22.87500000
-0.15134603 5.47118949 10.03968524 -0.29672000 0.35199999 0.37879996 -117.81874847 -28.55125045 -223.74624633 22.87500000
-2.05543470 2.00159621 9.49711322 -0.29879999 0.34560000 0.37791996 -139.86874389 -29.86375045 -253.33874511 22.87500000
-0.47198429 -7.17786979 7.10907649 -0.30103995 0.33816001 0.37351999 -98.14875030 -33.78374862 -189.79624938 22.87500000
-2.08055949 -10.05583763 5.51067066 -0.29816002 0.33383998 0.37463998 6.99125003 18.42749977 -43.54875183 22.87500000
-0.57308101 -9.18425178 4.78085947 -0.29935998 0.33624000 0.37375998 37.27500152 3.78874993 40.95875167 22.87500000
1.33639144 -3.49830651 5.78405046 -0.29935998 0.33624000 0.37375998 47.21500015 -9.76500034 130.19125366 22.87500000
-1.95493612 -0.92961158 10.26221752 -0.30111999 0.34944000 0.36960000 36.61875152 -23.13500022 140.98875427 22.87500000
-2.77627277 9.99362468 12.52463150 -0.30791997 0.36463999 0.36168000 -32.68125152 -72.17874908 103.59999847 22.87500000
1.01276218 11.57049369 14.49332714 -0.31455998 0.38015999 0.35471999 -76.02874755 -79.37999725 59.26375198 22.87500000
-0.63708906 9.94935607 15.25843238 -0.31840000 0.38680000 0.34927999 -155.17250061 -43.61000061 -114.31874847 22.87500000
-0.99062862 0.02093720 11.98624610 -0.31840000 0.38680000 0.34927999 -149.57249450 -26.94124984 -155.68875122 22.75000000
-1.78803672 -8.29531764 6.83509826 -0.32047998 0.38479997 0.35520000 -69.23874664 23.15250015 -99.47875213 22.75000000
-2.13080859 -9.41994476 4.71864604 -0.31791996 0.38103998 0.35591998 -17.47374916 37.82625198 -34.15124893 22.75000000
-1.80717935 -6.58564615 4.31246471 -0.31431999 0.38439998 0.35631995 41.54500198 4.60249996 87.88500213 22.87500000
-0.03529413 -3.69451808 5.77148866 -0.31615998 0.39591999 0.35223999 26.25875091 -31.50000000 124.83625030 22.87500000
2.79481697 6.75613498 11.78764247 -0.31615998 0.39591999 0.35223999 -22.77625083 -58.28374862 94.93750000 22.87500000
0.78364944 7.06121969 15.47139358 -0.31944000 0.40760002 0.34439997 -36.11125183 -46.27875137 33.11000061 22.87500000
0.15792629 2.10568380 13.89571857 -0.32279996 0.40760002 0.34551999 -51.77375030 4.25250005 -85.84625244 22.75000000
-0.52342991 -5.35094976 8.69252586 -0.32303998 0.40439996 0.34944000 -44.64250183 21.48125076 -75.00499725 23.00000000
-1.31246328 -8.26181793 4.61754989 -0.32087998 0.40567998 0.34888000 -9.78250026 3.89375000 0.08750000 23.00000000
1.14137637 -7.61695289 4.65045118 -0.32087998 0.40567998 0.34888000 -18.60250091 -49.20999908 14.63000011 22.87500000
-0.69451675 1.14795660 9.66999435 -0.32432003 0.41199998 0.34632000 -2.69499993 -13.49250030 70.08750152 22.87500000
-0.71306109 6.87996339 13.06481170 -0.32383999 0.42023997 0.34032001 13.48375034 -23.15250015 62.33499908 22.87500000
-0.36370906 7.97228717 16.46441459 -0.32735996 0.41792001 0.34096000 4.54125022 -3.88500003 -47.45999908 22.87500000
-1.63609256 -1.58165574 12.38883972 -0.32712001 0.40975995 0.34279999 -14.86625003 15.65375041 -99.03250122 22.87500000
-0.60358953 -4.61635303 9.82911682 -0.32495999 0.40743999 0.34535999 -40.07500076 28.74374961 -70.58625030 22.87500000
-1.70727896 -8.42632484 4.68215560 -0.32495999 0.40743999 0.34535999 -46.34000015 -8.75000000 29.67124938 22.87500000
0.47736816 -7.45005369 3.36670136 -0.32423999 0.41311998 0.34319996 -59.77125167 -47.81000137 48.77249908 22.87500000
1.36570358 -1.40817604 6.57308387 -0.32688000 0.42807998 0.33752000 -55.92124938 -34.41374969 60.67250061 22.87500000
2.22233414 5.16191720 11.23490047 -0.32719998 0.43311996 0.33647999 -2.69499993 -15.89000034 25.71624946 22.87500000
0.96909322 3.81774883 11.30429267 -0.32447996 0.41287999 0.34823999 129.87625122 61.42499923 -86.73000335 22.87500000
-2.14277267 -1.65104761 8.44008350 -0.32447996 0.41287999 0.34823999 154.63874816 71.25125122 -93.36250305 22.87500000
-2.84446792 -4.26042079 7.31844806 -0.32032001 0.39103996 0.35599999 52.53499984 -8.43500041 -31.38624954 22.87500000
1.34775722 -8.07996368 5.81156826 -0.32472000 0.39207997 0.35088000 -37.24000167 -71.51374816 -1.32124996 22.87500000
0.51625151 -0.97208414 10.42971515 -0.33391997 0.40935997 0.34119999 -85.93375396 -92.78500366 55.62374877 22.87500000
0.91525468 3.65742945 13.98604869 -0.33863997 0.41647996 0.33391997 -39.46250152 -84.51625061 39.26124954 23.00000000
1.09352005 9.22492980 17.26660728 -0.33863997 0.41647996 0.33391997 91.56874847 51.88750076 -101.88500213 23.00000000
-1.36390888 5.71286392 13.22692489 -0.33495998 0.39583997 0.34128000 99.05000305 100.88749694 -150.31625366 23.00000000
-1.13539433 -3.37029075 11.52443218 -0.32560000 0.37391998 0.35495998 38.33375167 80.22000122 -79.37125396 22.87500000
-1.48355007 -6.92482852 8.13380241 -0.32167997 0.36912000 0.35960001 2.49375009 43.26874923 -18.59375000 22.87500000
-0.86859455 -8.17388248 6.23988342 -0.32495999 0.38503999 0.35311999 -78.57499694 -44.99250030 82.91500091 22.87500000
1.41535463 -4.98185682 4.82093954 -0.32495999 0.38503999 0.35311999 -130.13000488 -89.60874938 100.52874755 22.87500000
2.45922327 -1.30707943 7.41236686 -0.33080000 0.41359996 0.35223999 -92.31250000 -42.05250167 115.09750366 22.87500000
3.57727003 1.06301140 8.40179824 -0.33015999 0.42943997 0.33895998 -6.25624990 -19.11874961 84.65625000 23.00000000
0.04366901 1.49312124 8.28873729 -0.32816002 0.41888003 0.34207999 144.60249328 26.53874969 -11.21749973 23.00000000
-1.49850521 1.86460723 9.13878822 -0.32951998 0.40391998 0.34503996 145.81875610 12.35500049 -34.80749893 23.00000000
-1.68335065 0.37328031 11.77268695 -0.32951998 0.40391998 0.34503996 4.53249979 -42.16624832 -21.52499961 23.00000000
1.55593290 -2.40538501 13.73061466 -0.33335998 0.40760002 0.34279999 -62.72875213 -49.21875000 -1.13750004 23.00000000
1.44227385 -2.52143669 13.24965763 -0.33736000 0.41735997 0.33703997 -27.37000083 -11.84749984 7.19250011 23.00000000
-0.05563312 0.73698940 10.56909847 -0.33663997 0.41984000 0.33656001 5.96750020 7.01749992 4.96124982 23.00000000
-0.77706909 1.23050904 9.30927658 -0.33415999 0.42216000 0.33736000 -8.50500011 13.41374969 3.95499992 23.00000000
-0.77108707 1.41894388 8.26241683 -0.33415999 0.42216000 0.33736000 -18.47125053 6.74625015 2.33625006 22.75000000
-0.53001022 1.25982117 9.86680412 -0.33375999 0.42279996 0.33191995 -18.51499938 -4.44500017 -10.19375038 22.75000000
0.22971096 0.73340015 10.57029438 -0.33552000 0.42439999 0.33295998 -23.72125053 -9.58125019 -17.17625045 22.75000000
0.90687971 -0.84227352 11.36949729 -0.33647999 0.42736001 0.33360002 -40.06624984 -4.98750019 -16.07374954 23.00000000
1.07018995 -1.62412843 10.25145149 -0.33575997 0.42704000 0.33368000 -34.79000091 12.33749961 -13.62374973 23.00000000
0.64546394 -1.40099754 9.22552776 -0.33575997 0.42704000 0.33800001 -11.22624969 18.71624946 -10.50874996 22.87500000
0.02093720 -0.23330020 8.20139884 -0.33319997 0.42624001 0.33800001 -5.70499992 14.39375019 -6.74625015 22.87500000
-0.23808584 -0.11784652 7.99561643 -0.33223998 0.42391996 0.33552000 -7.73500013 7.77874994 -7.71750020 23.12500000
0.16211372 -1.08574331 7.98724174 -0.33215999 0.42344002 0.33615999 -10.91125011 -3.99874992 -7.64750003 22.87500000
0.06041877 -0.63170518 8.96949577 -0.33263998 0.42351999 0.33647999 -2.66000008 -7.05250024 -6.92124986 22.87500000
-0.25423741 0.09032906 9.54257678 -0.33256001 0.42199997 0.34096000 21.08749961 -3.54375004 -10.95499992 22.87500000
-0.47138605 0.43788652 10.23948669 -0.33256001 0.42199997 0.34096000 28.44625091 2.55500006 -14.98000049 22.87500000
-0.38165521 0.30628130 10.44167900 -0.33143999 0.41599998 0.34151997 30.04750061 11.19124984 -20.75499916 22.87500000
-0.42053861 1.47397875 11.27677536 -0.32960000 0.40799999 0.34368000 30.52874946 15.14624977 -24.81500053 22.87500000
-1.51346025 2.99102830 11.53579807 -0.32871999 0.39847995 0.34816000 25.76874923 22.32999992 -44.64250183 22.87500000
-1.66301164 3.18963289 11.37488174 -0.32816002 0.38919997 0.34951999 11.36625003 24.16749954 -57.06750106 22.87500000
-0.96969146 2.18225431 11.28634643 -0.32816002 0.38919997 0.34951999 -9.65124988 29.69750022 -67.90000152 22.87500000
-0.13758730 0.92243309 11.04467105 -0.32360000 0.37975997 0.36007997 -11.75125026 33.44250106 -74.26999664 22.75000000
0.43429727 -1.35194480 10.82153987 -0.31944000 0.36967997 0.36352000 -17.23749923 39.89125061 -72.22250366 22.75000000
1.08813608 -2.92343120 11.26481151 -0.31535997 0.36231997 0.36903998 -19.81875038 40.84500122 -65.33625030 23.00000000
1.20598256 -3.23150706 11.08116149 -0.30791997 0.35743999 0.37383999 -13.17749977 51.13499832 -45.78874969 23.00000000
0.48155555 -2.09850549 10.00618648 -0.30791997 0.35743999 0.37383999 -9.29250049 55.51000213 -41.81624984 23.00000000
-0.39780675 -0.65144596 10.15394401 -0.30279998 0.35351996 0.37735998 -10.74499988 55.81624984 -38.00999832 23.00000000
-1.12043917 -0.41276187 10.67079353 -0.29591999 0.34960002 0.38616001 -7.55124998 55.72000122 -40.20624923 23.00000000
-0.29551361 -2.18345069 10.92622661 -0.28775999 0.34447999 0.39247999 0.41125001 68.57375335 -42.39374923 23.00000000
-0.40139598 -3.14775824 10.63669490 -0.27688000 0.33615999 0.39847995 8.59249973 74.08625030 -39.20875167 22.87500000
-1.02711915 -2.57706999 10.53141021 -0.27688000 0.33615999 0.39847995 11.25249958 71.47875213 -27.90374946 23.00000000
-2.03629207 -1.22392880 11.55374526 -0.26927998 0.33311998 0.40775995 3.16750001 67.64624786 -24.09749984 23.00000000
-1.90468683 -0.97627172 12.30808258 -0.26111998 0.32983999 0.40855998 -14.33250045 62.09000015 -26.44249916 22.87500000
-1.30169558 -1.49252319 12.66700553 -0.25128002 0.32760000 0.41512002 -16.99250030 68.42500305 -26.95000076 22.87500000
-1.62771773 -1.76410856 11.95454216 -0.23752000 0.32400000 0.42119998 4.03375005 95.66374969 -28.98875045 22.87500000
-2.46101808 -1.93160610 9.84048366 -0.23752000 0.32400000 0.42119998 12.00500011 101.52625274 -28.39374923 22.87500000
-2.67098832 -2.24267292 8.83789062 -0.22479999 0.31695997 0.42904000 -8.76749992 80.12374877 -20.88624954 22.87500000
-2.64825654 -2.35453748 8.65424156 -0.21423997 0.31711997 0.43039999 -28.61249923 63.86624908 -14.32375049 23.00000000
-2.88335132 -1.93459711 8.80558776 -0.20920000 0.32016000 0.43663997 -34.68500137 49.82249832 -5.07499980 23.00000000
-2.99102830 -1.68155622 8.49870777 -0.20055999 0.32056000 0.44088001 -24.90250015 51.42375183 -4.19999980 22.87500000
-3.25603365 -1.98305177 7.85982418 -0.20055999 0.32056000 0.44088001 -18.09499931 48.02000045 -1.04124999 23.00000000
-3.45344138 -1.49371957 7.01515769 -0.19359998 0.31975996 0.44447999 2.05625009 42.09624862 -0.18375000 23.00000000
-3.58624291 -0.93679008 6.81117010 -0.18831998 0.31423997 0.44200000 8.49625015 35.07875061 -0.29750001 23.00000000
-3.90867567 -0.04366901 7.01396179 -0.18439998 0.31208000 0.45031995 -6.99125003 18.18250083 -1.63625001 23.00000000
-3.90747928 -0.93619194 7.21316385 -0.18223999 0.31263997 0.45183997 -15.05875015 13.85124969 -2.56375002 23.00000000
-4.11386060 -1.10069847 7.20897626 -0.18223999 0.31135997 0.45264000 -1.44375000 14.25374984 -0.21000001 23.00000000
-4.11445856 -0.64905309 6.60897588 -0.18071999 0.31135997 0.45264000 1.74125003 10.61375045 0.04375000 23.00000000
-3.96670169 -0.59700922 6.35653352 -0.17936000 0.30903997 0.45303997 -12.55624961 -2.67750000 2.24000000 23.00000000
-3.94456844 -1.15692973 5.98803853 -0.17911999 0.30832002 0.45432000 -18.17374992 -9.84375000 3.40374994 23.00000000
-3.90089912 -0.63050870 6.21116924 -0.18368000 0.30944001 0.45551996 -7.74375009 -19.60000038 5.03999996 23.00000000
-3.97148723 -0.53778691 6.50608539 -0.18671999 0.30999999 0.45199999 -2.12625002 -20.82500076 4.25250005 23.00000000
-3.52044034 -1.34117722 6.66640377 -0.18671999 0.30999999 0.45199999 -1.52250003 -21.11375045 6.50124979 23.00000000
-3.29790782 -1.46500577 6.61136865 -0.19015998 0.30895998 0.44776000 6.44000005 -19.58250045 8.84624958 23.00000000
-3.77587413 -0.74715890 5.93838787 -0.19239998 0.30288002 0.44991998 30.08250045 -15.95125007 11.90874958 23.00000000
-4.01156759 0.08135598 5.81037139 -0.19720000 0.29704000 0.44735999 33.81874847 -20.27375030 12.92374992 22.87500000
-3.91645240 0.41575293 6.09272480 -0.20239999 0.29447996 0.44416003 23.34499931 -35.18375015 12.13625049 23.00000000
-3.57667160 -0.37148573 6.31226587 -0.20239999 0.29447996 0.44416003 17.37750053 -38.84125137 11.59375000 23.00000000
-3.58145713 -0.40259242 6.40917587 -0.20967998 0.29527999 0.43568000 30.79125022 -45.10625076 12.12749958 23.00000000
-3.60239481 0.60717873 6.54018259 -0.21744000 0.29304000 0.43143997 33.40750122 -52.12374877 12.08374977 22.87500000
-3.07836651 0.34037899 7.44646406 -0.22607998 0.29367998 0.42279996 9.80000019 -69.65000152 12.24125003 22.87500000
-2.81156654 0.28354949 8.10867786 -0.23615999 0.29728002 0.41735997 2.48499989 -76.16874694 12.32874965 22.87500000
-2.52382969 0.51565322 9.22552776 -0.23615999 0.29728002 0.41735997 16.77375030 -68.73124694 7.85750007 22.87500000
-2.63090848 0.20697917 9.39123058 -0.24447999 0.30072000 0.41047997 25.56749916 -61.31999969 4.76875019 22.87500000
-1.85204486 -0.32602205 9.48933696 -0.25223999 0.30351998 0.40303997 24.90250015 -57.73250198 6.48374986 22.87500000
-2.30189538 0.36131622 9.52881813 -0.25847997 0.30895998 0.39759998 22.78499984 -56.37625122 8.83749961 22.87500000
-2.15892410 0.79202432 9.41635513 -0.26575996 0.31096000 0.39463998 25.72500038 -56.14875030 7.87500000 22.87500000
-2.06799697 0.80219383 9.58086204 -0.26575996 0.31096000 0.39463998 18.69000053 -57.98625183 8.09375000 22.87500000
-1.92741870 0.71904320 9.96670436 -0.27167999 0.31519997 0.38847997 17.73624992 -56.77000045 6.57124996 22.87500000
-1.49252319 0.28295130 9.80877876 -0.27791998 0.31703996 0.38743999 25.89125061 -49.95375061 5.17124986 22.87500000
0.36071803 0.48335018 9.91286563 -0.28527998 0.32151999 0.38488001 18.27000045 -61.79249954 9.19624996 22.87500000
-2.44486665 0.70588274 10.55234813 -0.29095997 0.32383999 0.38263998 13.68500041 -48.79875183 9.88749980 22.87500000
-1.23888397 0.64905309 10.17727184 -0.29095997 0.32383999 0.38263998 10.61375045 -56.66500091 7.21000003 22.75000000
-1.03968143 0.80997047 11.02313613 -0.29775999 0.32727999 0.38680000 3.78874993 -63.15750122 9.23124980 22.75000000
-0.58025951 0.45942192 11.31386280 -0.30288002 0.33199999 0.37879996 -6.40500020 -61.04875183 6.36999988 23.00000000
0.17347965 -1.08155584 10.99980545 -0.30983998 0.33519997 0.37567999 -2.23125004 -51.62500000 4.95249986 23.00000000
-0.02333002 -1.36749815 10.64327526 -0.31431999 0.33863997 0.37447998 13.65875053 -37.38000106 12.85375022 22.87500000
-0.10408779 -0.79082784 9.40439128 -0.31431999 0.33863997 0.37447998 17.26375007 -38.58750152 21.51625061 22.87500000
-0.10707881 -0.93858461 7.85264587 -0.31744000 0.34263997 0.37815999 2.61625003 -50.16374969 28.10499954 22.87500000
-0.28893332 -0.02632105 7.44347333 -0.32495999 0.34728000 0.37055997 4.90875005 -73.16750335 34.63249969 23.00000000
-0.25423741 0.57188463 6.97089052 -0.33327999 0.35383999 0.36503996 5.39874982 -82.67874908 33.88000106 23.00000000
0.06161518 0.56051874 6.84048223 -0.34319996 0.36280000 0.35975999 -22.84625053 -89.26750183 31.46500015 23.00000000
-2.93539505 1.57746829 19.59721755 -0.34319996 0.36280000 0.35975999 -214.69874572 -52.00125122 19.31125068 23.00000000
-3.53120803 -2.87557458 4.83170700 -0.34511997 0.39152000 0.36456000 3.06250000 124.60874938 26.21500015 23.00000000
-4.79581499 0.48335018 7.05344343 -0.33432002 0.40184001 0.36328001 -40.38999938 37.09125137 109.90000152 23.00000000
5.49631357 3.75493693 12.66820144 -0.33391997 0.41440000 0.36175999 24.49125099 8.57499980 59.94625091 23.00000000
-0.01914258 3.38165664 10.06002521 -0.33088002 0.40959997 0.36440000 59.02750015 39.97874832 -2.45000004 22.75000000
-1.73180541 -0.32781672 8.21156883 -0.33088002 0.40959997 0.36440000 -22.92499923 -16.11750030 -3.18499994 22.75000000
-0.09332008 0.87338027 10.34237861 -0.33319997 0.41240000 0.35919997 -9.32750034 -9.52000045 -5.59124994 22.75000000
-0.37806596 0.82013998 8.86480903 -0.33311998 0.41191997 0.36368000 -17.67499923 -3.84124994 -9.18750000 22.75000000
0.55513486 -0.34456648 9.46421146 -0.33391997 0.41279997 0.36375997 -10.26375007 -0.25374999 -11.61124992 22.75000000
0.62632136 -0.21954150 9.94995498 -0.33223998 0.40991997 0.36440000 4.19999980 2.28375005 -7.14874982 22.87500000
1.78863501 -1.22572338 9.64187908 -0.33223998 0.40911998 0.36528000 3.70125007 -1.19000005 -5.11000013 22.87500000
-1.07437729 0.78125662 9.86201858 -0.33191995 0.40911998 0.36528000 16.33625030 7.85750007 -4.97875022 22.87500000
-0.19860428 0.29431719 10.75753307 -0.33256001 0.40783996 0.36671998 8.59249973 4.35750007 -5.87125015 22.87500000
-0.00239282 -0.13519448 9.59222793 -0.33151998 0.40735998 0.36616001 -3.86750011 -4.70749998 -5.59124994 22.87500000
0.96550397 -0.44506497 9.04546737 -0.33151998 0.40911998 0.36479997 -8.38249969 -5.43375015 -7.13124990 22.87500000
-0.08614163 -0.38763728 9.01854896 -0.32992000 0.40831999 0.36295998 -5.01375007 3.84124994 -5.37249994 22.87500000
0.25902304 -0.18364912 10.11027431 -0.32992000 0.40831999 0.36295998 -1.43500003 3.96375007 -6.20375013 22.87500000
-0.51625151 0.29491539 10.16949558 -0.32951998 0.40831999 0.36591997 -1.13750004 -0.00875000 -5.14499998 22.87500000
-0.11066805 -0.21595222 9.65264701 -0.33143999 0.40887999 0.36511998 -4.34000015 -3.94624996 -5.48624992 22.75000000
-0.17587245 0.20279171 9.74776172 -0.33096001 0.40847997 0.36712000 -1.74125003 -3.84124994 -3.24624991 22.87500000
-0.02153541 -0.21655044 9.60120105 -0.32975997 0.40879998 0.36640000 -4.89125013 -4.82124996 -2.24874997 22.75000000
-0.11964113 -0.03948157 9.45703315 -0.32975997 0.40879998 0.36640000 1.89875011 0.25374999 -5.11000013 22.75000000
-0.24346969 0.34875390 9.98584747 -0.33071999 0.40752000 0.36544001 -0.84875001 -0.45500001 -5.53875017 22.87500000
-0.10528420 -0.14656038 9.54855823 -0.33055999 0.40743999 0.36567997 -8.05875015 -3.47375011 -5.19750022 22.75000000
0.04307081 -0.17766709 9.66162014 -0.33015999 0.40903997 0.36583998 -5.92374992 -4.13000011 -5.17124986 22.75000000
-0.04725825 -0.14895320 9.53539848 -0.33096001 0.40847997 0.36607999 -1.88125000 -1.35625004 -5.53875017 22.75000000
-0.08614163 -0.12981063 9.70050334 -0.33096001 0.40847997 0.36607999 -1.20749998 -0.94499998 -5.72249984 22.75000000
-0.20518453 -0.06939187 9.72562789 -0.33039999 0.40767998 0.35591998 -1.45249996 -1.19000005 -5.38999986 22.75000000
-0.18484555 0.09032906 9.70708370 -0.33015999 0.40760002 0.36607999 -3.31625008 -2.48499989 -5.46000003 23.12500000
-0.10648062 -0.13339985 9.67717266 -0.33055999 0.40816001 0.36560001 -5.94999980 -3.28999996 -5.36374998 23.12500000
-0.08733803 -0.13698909 9.69691371 -0.33015999 0.40895996 0.36607999 -4.59375000 -2.41499996 -5.21500015 22.87500000
-0.14955141 -0.05862416 9.73519897 -0.33015999 0.40895996 0.36607999 -1.61875000 -1.39999998 -5.28499984 22.87500000
-0.04905286 -0.05024928 9.55035305 -0.33047997 0.40871996 0.36456000 -2.01250004 -2.18750000 -5.57375001 22.87500000
-0.13519448 -0.01794617 9.61077213 -0.33168001 0.40799999 0.36528000 -2.68624997 -2.17875003 -5.61749982 22.75000000
-0.13220344 -0.04187439 9.70469093 -0.32871999 0.40679998 0.36591997 -4.19999980 -2.12625002 -5.58249998 22.75000000
-0.11485549 -0.09032906 9.69870853 -0.32943999 0.40808000 0.36656000 -4.57625007 -2.72125005 -5.61749982 22.75000000
-0.11006984 -0.09990035 9.63888740 -0.32943999 0.40808000 0.36656000 -4.37500000 -1.94250001 -5.48624992 22.75000000
-0.11904293 -0.05383851 9.64247703 -0.33143999 0.40895996 0.37400002 -2.07375001 -1.77624998 -5.59999990 22.75000000
-0.16151553 -0.02033899 9.68734264 -0.33080000 0.40767998 0.36647999 -2.87875003 -2.04749989 -5.28499984 22.75000000
-0.11485549 -0.02512464 9.65264701 -0.32992000 0.40831999 0.36567997 -3.53500008 -2.45000004 -5.63500022 22.87500000
-0.10947164 -0.06161518 9.65145015 -0.32960000 0.40695996 0.36575996 -3.92000007 -2.46749997 -5.36374998 22.87500000
-0.09092727 -0.10289138 9.62094211 -0.32960000 0.40695996 0.36575996 -3.64000010 -2.12625002 -5.50374984 22.87500000
-0.11066805 -0.06161518 9.66162014 -0.32911996 0.40672001 0.36696000 -3.39499998 -1.75874996 -5.56500005 22.87500000
-0.14536397 -0.03768695 9.65145015 -0.33032000 0.40855998 0.36519999 -3.34249997 -2.28375005 -5.80124998 22.87500000
-0.11964113 -0.02632105 9.60837936 -0.33111999 0.40783996 0.36552000 -3.39499998 -2.38875007 -5.71374988 22.87500000
-0.11964113 -0.05264210 9.65145015 -0.33039999 0.40703997 0.36663997 -3.92875003 -2.21375012 -5.35500001 22.87500000
-0.13160524 -0.06699904 9.68255710 -0.33039999 0.40703997 0.36663997 -3.84124994 -1.87250003 -5.67000007 22.87500000
-0.10169496 -0.08315059 9.61795043 -0.33015999 0.40711998 0.36656000 -3.13249993 -2.29250001 -5.55625009 22.87500000
-0.08913264 -0.04187439 9.68853855 -0.33080000 0.40728001 0.36647999 -2.79999995 -2.27500009 -5.64375019 22.87500000
-0.13938193 -0.03290131 9.63111114 -0.33080000 0.40823998 0.36583998 -3.18499994 -1.97749996 -5.38999986 22.87500000
-0.11126625 -0.05443672 9.65563774 -0.33063998 0.40887999 0.36719999 -3.66624999 -2.42374992 -5.22375011 22.87500000
-0.14057832 -0.06879365 9.63410186 -0.33063998 0.40887999 0.36719999 -3.71000003 -2.44125008 -5.40749979 22.87500000
-0.09690933 -0.07597212 9.63769149 -0.32960000 0.40864000 0.36616001 -3.57875013 -2.17875003 -5.42500019 22.87500000
-0.09511470 -0.02632105 9.61256694 -0.32904000 0.40783996 0.36847996 -3.44749999 -2.01250004 -5.49499988 22.87500000
-0.12801600 -0.05982056 9.65922737 -0.32983999 0.40728001 0.36656000 -3.84999990 -1.95124998 -5.25874996 22.75000000
-0.13579268 -0.06640083 9.63769149 -0.33047997 0.40903997 0.36679997 -3.87625007 -1.80249996 -5.32875013 22.75000000
-0.12981063 -0.07896315 9.63170909 -0.33047997 0.40903997 0.36440000 -4.03375005 -2.30124998 -5.38124990 23.00000000
-0.10528420 -0.06999006 9.67717266 -0.33039999 0.40903997 0.36440000 -2.85249996 -2.24874997 -5.30250024 23.00000000
-0.10947164 -0.03948157 9.69332504 -0.33111999 0.40928001 0.36847996 -3.30750012 -2.00375008 -5.56500005 23.00000000
-0.13339985 -0.04965107 9.66939640 -0.32943999 0.40664000 0.36703996 -3.08875012 -2.21375012 -5.47749996 22.75000000
-0.08494520 -0.07716853 9.66221809 -0.33015999 0.40703997 0.36663997 -3.89375000 -2.32750010 -5.22375011 22.75000000
-0.13818551 -0.06101698 9.59581756 -0.33088002 0.40864000 0.36960000 -3.89375000 -2.17875003 -5.43375015 23.00000000
-0.11425728 -0.06580262 9.64008426 -0.33088002 0.40864000 0.36960000 -3.23749995 -2.42374992 -5.47749996 23.00000000
-0.12921242 -0.05204389 9.64427185 -0.33055999 0.40847997 0.36463999 -3.30750012 -2.30124998 -5.46875000 23.00000000
-0.16031909 -0.08135598 9.71366405 -0.33023998 0.40703997 0.36591997 -3.64875006 -2.33625006 -5.49499988 22.87500000
-0.13639090 -0.01316052 9.70588779 -0.32983999 0.40655999 0.36624000 -3.64875006 -2.02125000 -5.34625005 22.87500000
-0.10648062 -0.03050849 9.58145999 -0.32943999 0.40735998 0.36967997 -3.16750001 -2.84375000 -5.64375019 22.87500000
-0.06101698 -0.07776674 9.68435096 -0.32943999 0.40735998 0.36967997 -3.52625012 -2.87875003 -5.41625022 22.87500000
-0.18963119 -0.09990035 9.64367294 -0.33096001 0.40928001 0.36751997 -3.85875015 -2.16125011 -5.28499984 22.87500000
-0.13160524 -0.02333002 9.71545791 -0.32871999 0.40943999 0.36640000 -3.19374990 -2.02999997 -5.49499988 22.87500000
-0.09032906 -0.04366901 9.68614673 -0.32927999 0.40903997 0.36640000 -3.78874993 -2.47624993 -5.33750009 23.00000000
-0.06340980 -0.07597212 9.65743255 -0.32927999 0.40728001 0.36375997 -3.92875003 -2.32750010 -5.53875017 22.87500000
-0.13519448 -0.07178468 9.68614673 -0.32927999 0.40728001 0.36375997 -3.61374998 -2.37124991 -5.21500015 22.87500000
-0.13938193 -0.07238288 9.66162014 -0.32927999 0.40791997 0.36047997 -3.46499991 -2.27500009 -5.29374980 22.87500000
-0.13579268 -0.02213361 9.66640567 -0.33063998 0.41008000 0.36744000 -3.38625001 -2.03874993 -5.23250007 23.00000000
-0.13758730 -0.06580262 9.73220825 -0.33096001 0.40887999 0.36640000 -3.56999993 -2.41499996 -5.71374988 23.00000000
-0.08434700 -0.05563312 9.63230705 -0.32960000 0.40775995 0.36631999 -3.66624999 -2.45000004 -5.43375015 22.87500000
-0.17766709 -0.05383851 9.68913745 -0.32960000 0.40775995 0.36631999 -3.07124996 -2.31874990 -5.43375015 22.87500000
-0.15134603 -0.05802595 9.65803050 -0.32904000 0.40823998 0.36784000 -3.43000006 -2.50250005 -5.69624996 22.87500000
-0.09990035 -0.01136591 9.68614673 -0.32879998 0.40760002 0.36719999 -3.22000002 -2.48499989 -5.41625022 22.87500000
-0.12203396 -0.06161518 9.65204811 -0.33135998 0.40911998 0.36591997 -3.27250003 -2.47624993 -5.67000007 22.87500000
-0.11365908 -0.06400800 9.64845943 -0.33063998 0.40799999 0.36703996 -3.26375007 -2.70374989 -5.59999990 22.87500000
-0.14775680 -0.05922236 9.69631576 -0.33063998 0.40799999 0.36703996 -3.44749999 -2.30124998 -5.38999986 22.87500000
-0.09571290 -0.06221339 9.63051223 -0.33055999 0.40864000 0.36640000 -3.45624995 -3.03625011 -5.41625022 22.87500000
-0.18005990 -0.04606184 9.69272613 -0.32927999 0.40831999 0.36663997 -3.48250007 -2.32750010 -5.42500019 23.00000000
-0.11724832 -0.07417750 9.66281604 -0.33007998 0.40823998 0.36800000 -3.44749999 -2.17875003 -5.51249980 23.00000000
-0.15134603 -0.05802595 9.70110130 -0.33015999 0.40831999 0.36647999 -3.77125000 -2.29250001 -5.56500005 22.87500000
-0.15074782 -0.05324030 9.66939640 -0.33015999 0.40831999 0.36647999 -3.27250003 -2.38000011 -5.59999990 22.87500000
-0.09870394 -0.06520442 9.60060310 -0.33015999 0.40903997 0.37783999 -3.17624998 -2.54625010 -5.46875000 22.87500000
-0.09870394 -0.03589234 9.63410186 -0.32960000 0.40752000 0.36631999 -3.55250000 -2.30999994 -5.52125024 22.87500000
-0.17288142 -0.07896315 9.68375301 -0.33039999 0.40743999 0.36640000 -3.36000013 -2.38875007 -5.50374984 22.87500000
-0.15194423 -0.05144569 9.66221809 -0.32927999 0.40783996 0.36744000 -3.56124997 -2.23125004 -5.48624992 22.87500000
-0.12681959 -0.05742774 9.66281604 -0.32927999 0.40783996 0.36744000 -3.53500008 -2.59875011 -5.59999990 22.87500000
-0.10528420 -0.03529413 9.63230705 -0.32992000 0.41031999 0.35896000 -3.64000010 -2.41499996 -5.43375015 22.87500000
-0.12203396 -0.07058827 9.70887851 -0.33135998 0.40952000 0.36679997 -3.70125007 -2.39750003 -5.57375001 23.00000000
-0.05922236 -0.05383851 9.60598659 -0.32943999 0.40767998 0.36687998 -3.24624991 -2.25749993 -5.33750009 22.75000000
-0.14715859 -0.05862416 9.66281604 -0.32960000 0.40728001 0.36599998 -3.56999993 -2.02125000 -5.15374994 22.75000000
-0.14237295 -0.05443672 9.68076229 -0.32960000 0.40728001 0.36599998 -3.56124997 -2.41499996 -5.55625009 23.00000000
-0.12622139 -0.04725825 9.64247703 -0.33015999 0.40743999 0.36080000 -3.31625008 -2.46749997 -5.35500001 23.00000000
-0.10049855 -0.03948157 9.63769149 -0.33023998 0.40895996 0.36679997 -3.68374991 -2.02125000 -5.40749979 22.87500000
-0.14057832 -0.05922236 9.67657470 -0.33039999 0.40879998 0.36679997 -3.77999997 -2.38000011 -5.59999990 22.87500000
-0.12143574 -0.04546363 9.67418193 -0.32960000 0.40767998 0.36647999 -3.40374994 -2.52874994 -5.38999986 22.87500000
-0.11665011 -0.05623133 9.67119121 -0.32960000 0.40767998 0.36231997 -3.64000010 -2.38000011 -5.17124986 22.87500000
-0.14775680 -0.04905286 9.64427185 -0.32855999 0.40719995 0.36231997 -3.38625001 -2.35374999 -5.52125024 22.87500000
-0.07298109 -0.02931208 9.59162998 -0.33023998 0.40831999 0.36591997 -3.22000002 -2.21375012 -5.57375001 22.87500000
-0.11665011 -0.04307081 9.65743255 -0.33023998 0.40952000 0.36599998 -3.56124997 -1.97749996 -5.32000017 22.87500000
-0.11964113 -0.07058827 9.66221809 -0.33047997 0.40895996 0.36631999 -2.97499990 -2.46749997 -5.42500019 22.87500000
-0.12143574 -0.05324030 9.67358398 -0.33000001 0.40799999 0.36975998 -3.40374994 -2.01250004 -5.27624988 22.87500000
-0.09571290 -0.03888337 9.67358398 -0.33000001 0.40799999 0.36975998 -3.81500005 -2.24000000 -5.13625001 22.87500000
-0.11724832 -0.04067799 9.59581756 -0.32888002 0.40808000 0.37391998 -3.15000009 -2.29250001 -5.44250011 22.87500000
-0.12023934 -0.07298109 9.65264701 -0.33000001 0.40728001 0.36631999 -3.88500003 -2.38875007 -5.51249980 23.00000000
-0.14536397 -0.05862416 9.67836952 -0.33007998 0.40847997 0.36583998 -3.56999993 -2.09999990 -5.34625005 22.87500000
-0.12562320 -0.05084748 9.62453079 -0.32992000 0.40823998 0.37088000 -3.60500001 -2.33625006 -5.50374984 23.00000000
-0.10887343 -0.05563312 9.66580772 -0.32992000 0.40823998 0.37088000 -3.87625007 -2.36249995 -5.41625022 23.00000000
-0.12323037 -0.05443672 9.60179901 -0.33015999 0.40879998 0.36440000 -3.56124997 -2.40625000 -5.42500019 23.00000000
-0.09032906 -0.03589234 9.62991428 -0.32935998 0.40783996 0.36831998 -3.62249994 -1.97749996 -5.32000017 23.00000000
-0.08673983 -0.02931208 9.65204811 -0.32919998 0.40743999 0.36831998 -3.55250000 -2.49375009 -5.59999990 22.87500000
-0.11724832 -0.05144569 9.67657470 -0.33000001 0.40831999 0.36423997 -3.53500008 -2.16125011 -5.25000000 22.87500000
-0.11964113 -0.05264210 9.64845943 -0.33000001 0.40831999 0.36423997 -3.22000002 -2.44125008 -5.37249994 22.87500000
-0.11306087 -0.05264210 9.70229816 -0.33007998 0.40975995 0.36719999 -3.33375000 -2.38875007 -5.64375019 22.87500000
-0.11186447 -0.04007977 9.62034416 -0.32927999 0.40672001 0.36687998 -3.38625001 -2.10875010 -5.52125024 22.87500000
-0.09451650 -0.04546363 9.62572765 -0.32919998 0.40703997 0.36719999 -3.71000003 -2.30124998 -5.34625005 22.87500000
-0.14775680 -0.03110669 9.62154006 -0.33000001 0.40871996 0.36143999 -3.43000006 -2.36249995 -5.54750013 22.87500000
-0.08673983 -0.04187439 9.63051223 -0.33000001 0.40871996 0.36143999 -3.65750002 -2.04749989 -5.50374984 22.87500000
-0.06640083 -0.03649054 9.54377269 -0.33080000 0.40816001 0.36663997 -3.93750000 -2.19624996 -5.41625022 22.87500000
-0.10468599 -0.03948157 9.62692451 -0.33023998 0.40887999 0.36840000 -3.99874992 -2.17875003 -5.12750005 22.87500000
-0.09571290 -0.04965107 9.61914730 -0.32943999 0.40887999 0.36744000 -3.76250004 -2.18750000 -5.49499988 22.87500000
-0.12442678 -0.04606184 9.64068222 -0.32975997 0.40760002 0.36671998 -3.71000003 -2.16125011 -5.45125007 22.87500000
-0.11904293 -0.05802595 9.57727241 -0.32975997 0.40760002 0.36671998 -3.33375000 -2.35374999 -5.66125011 22.87500000
-0.15254244 -0.05144569 9.65324497 -0.32983999 0.40799999 0.35784001 -3.65750002 -2.38875007 -5.31125020 22.87500000
-0.12562320 -0.05084748 9.62811946 -0.33063998 0.40903997 0.36696000 -3.94624996 -2.36249995 -5.26749992 22.87500000
-0.14715859 -0.06101698 9.74596691 -0.33023998 0.40823998 0.36751997 -3.41249990 -2.63374996 -5.61749982 22.87500000
-0.10049855 -0.04845466 9.58624553 -0.32895998 0.40672001 0.36583998 -3.95499992 -2.18750000 -5.11000013 22.87500000
-0.12143574 -0.05204389 9.65025329 -0.32895998 0.40672001 0.36583998 -4.02500009 -2.45875000 -5.55625009 22.87500000
-0.15972090 -0.06281160 9.64187908 -0.32919998 0.40687999 0.36647999 -3.62249994 -2.07375001 -5.38124990 22.87500000
-0.14536397 -0.04426722 9.68494987 -0.33096001 0.40816001 0.36663997 -3.72749996 -2.34500002 -5.38999986 22.87500000
-0.09631112 -0.04965107 9.58923625 -0.33103995 0.40823998 0.36624000 -3.57875013 -2.46749997 -5.56500005 23.00000000
-0.13579268 -0.03768695 9.69033336 -0.33032000 0.40887999 0.36767997 -4.02500009 -2.13499999 -5.06624984 23.00000000
-0.17048860 -0.06041877 9.61495971 -0.33032000 0.40887999 0.36767997 -3.64875006 -2.24874997 -5.66125011 23.00000000
-0.11904293 -0.05324030 9.69152927 -0.33000001 0.40831999 0.37272000 -3.09750008 -2.57249999 -5.70499992 23.00000000
-0.11485549 -0.04187439 9.66520977 -0.32960000 0.40808000 0.36728000 -3.17624998 -2.55500006 -5.69624996 23.00000000
-0.06939187 -0.02452643 9.61316490 -0.33127999 0.40695996 0.36791996 -3.47375011 -2.09999990 -5.33750009 23.00000000
-0.09690933 -0.03469593 9.63230705 -0.33096001 0.40879998 0.36744000 -3.61374998 -1.88125000 -5.37249994 23.00000000
-0.08315059 -0.05264210 9.61256694 -0.33096001 0.40879998 0.36744000 -3.81500005 -2.53749990 -5.62624979 23.00000000
-0.14835500 -0.06640083 9.65862846 -0.32960000 0.41023998 0.36671998 -3.38625001 -2.69499993 -5.67000007 23.00000000
-0.19262223 -0.05324030 9.74058246 -0.32943999 0.40767998 0.36703996 -3.77125000 -2.02125000 -5.27624988 22.87500000
-0.08195418 -0.02153541 9.54616546 -0.32919998 0.40823998 0.36679997 -3.62249994 -2.09124994 -5.47749996 22.87500000
-0.14237295 -0.06101698 9.63828945 -0.33080000 0.40791997 0.36744000 -3.82375001 -2.16125011 -5.32875013 22.87500000
-0.11246267 -0.04187439 9.63589668 -0.33080000 0.40791997 0.36744000 -3.83249998 -2.61625003 -5.59124994 22.87500000
-0.15134603 -0.07178468 9.71007442 -0.33000001 0.40816001 0.36895999 -3.76250004 -2.36249995 -5.53875017 22.87500000
-0.08015955 -0.02691926 9.59521865 -0.32895998 0.40847997 0.36728000 -3.45624995 -2.24000000 -5.53875017 22.87500000
-0.10289138 -0.05144569 9.60778141 -0.32879998 0.40799999 0.36696000 -3.74500012 -2.04749989 -5.09250020 22.87500000
-0.11904293 -0.04666004 9.79741191 -0.32951998 0.40719995 0.36751997 -3.64875006 -2.06500005 -5.57375001 22.87500000
-0.13639090 -0.04606184 9.61316490 -0.32951998 0.40719995 0.36751997 -3.56999993 -2.38875007 -5.33750009 22.87500000
-0.13459627 -0.05682954 9.69571685 -0.33071999 0.40840001 0.36807999 -3.64000010 -2.67750000 -5.32000017 22.87500000
-0.12681959 -0.04426722 9.62991428 -0.32943999 0.40935997 0.36719999 -3.20250010 -2.30124998 -5.54750013 22.87500000
-0.11306087 -0.07537391 9.69272613 -0.32983999 0.40775995 0.36800000 -3.42125010 -2.75624990 -5.57375001 22.87500000
-0.13639090 -0.04546363 9.64606666 -0.32927999 0.40623998 0.36751997 -3.77999997 -2.36249995 -5.58249998 22.87500000
-0.11246267 -0.05324030 9.66341400 -0.33143999 0.40687999 0.36328001 -3.41249990 -2.35374999 -5.55625009 22.87500000
-0.14715859 -0.05324030 9.62752246 -0.33143999 0.40687999 0.36328001 -3.69250011 -2.13499999 -5.45125007 22.87500000
-0.09032906 -0.02213361 9.58804035 -0.32992000 0.40791997 0.36775996 -3.54375004 -2.46749997 -5.38999986 22.87500000
-0.14237295 -0.05024928 9.65085220 -0.32904000 0.40911998 0.36616001 -3.66624999 -2.45875000 -5.58249998 22.87500000
-0.05503492 -0.04905286 9.58145999 -0.32967998 0.40791997 0.36624000 -3.54375004 -2.25749993 -5.62624979 22.87500000
-0.12681959 -0.03948157 9.66461086 -0.32943999 0.40767998 0.36872000 -3.58750009 -2.45000004 -5.41625022 22.87500000
-0.10827523 -0.05084748 9.62991428 -0.32943999 0.40767998 0.36872000 -3.43875002 -2.34500002 -5.87125015 22.87500000
-0.14177474 -0.05324030 9.65204811 -0.32992000 0.40760002 0.36456000 -3.11500000 -2.51125001 -5.61749982 22.87500000
-0.06580262 -0.02871387 9.55573749 -0.33023998 0.40816001 0.36679997 -3.44749999 -2.50250005 -5.89750003 22.87500000
-0.10887343 -0.02153541 9.57727241 -0.33015999 0.40752000 0.36735999 -3.77999997 -2.20499992 -5.38999986 22.87500000
-0.14476575 -0.04486542 9.63649463 -0.32927999 0.40864000 0.36184000 -3.32500004 -2.35374999 -5.29374980 22.87500000
-0.14835500 -0.06221339 9.69093132 -0.32927999 0.40864000 0.36184000 -3.30750012 -2.50250005 -5.69624996 22.87500000
-0.10348958 -0.04606184 9.59402179 -0.32951998 0.40840001 0.36231997 -3.16750001 -2.59875011 -5.43375015 22.87500000
-0.12622139 -0.06281160 9.68494987 -0.32992000 0.40615997 0.36663997 -3.83249998 -1.85500001 -5.24125003 22.87500000
-0.04486542 -0.01854438 9.53539848 -0.32911996 0.40783996 0.36656000 -3.81500005 -1.83750000 -5.46000003 22.87500000
-0.14297115 -0.05802595 9.64486980 -0.33047997 0.40840001 0.36591997 -3.91125011 -1.95124998 -5.18874979 22.87500000
-0.13220344 -0.06221339 9.61316490 -0.33047997 0.40840001 0.36591997 -3.55250000 -2.39750003 -5.62624979 22.87500000
-0.14895320 -0.06161518 9.68016338 -0.32935998 0.40799999 0.36879997 -3.42125010 -2.54625010 -5.44250011 22.87500000
-0.07238288 -0.01615155 9.56291580 -0.32888002 0.40695996 0.36744000 -3.13249993 -2.10875010 -5.61749982 22.87500000
-0.08374879 -0.03828516 9.62094211 -0.32935998 0.40760002 0.36735999 -3.36875009 -2.35374999 -5.53875017 23.00000000
-0.12143574 -0.03888337 9.67178821 -0.33023998 0.40840001 0.36679997 -3.51749992 -2.38875007 -5.38124990 22.87500000
-0.15134603 -0.06699904 9.68375301 -0.33023998 0.40840001 0.36679997 -3.56124997 -2.13499999 -5.60874986 22.87500000
-0.03469593 -0.05024928 9.62393283 -0.33063998 0.40943999 0.36928000 -3.71000003 -2.22250008 -5.37249994 22.87500000
-0.15553348 -0.06221339 9.67537784 -0.32919998 0.40791997 0.36679997 -3.62249994 -2.38875007 -5.21500015 22.87500000
-0.13399808 -0.03589234 9.68973541 -0.32927999 0.40672001 0.36807999 -3.43875002 -2.37124991 -5.42500019 22.87500000
-0.08733803 -0.02751746 9.58684349 -0.32935998 0.40816001 0.36800000 -3.93750000 -2.30999994 -5.39874982 23.00000000
-0.11186447 -0.05324030 9.68674468 -0.32935998 0.40816001 0.36800000 -3.30750012 -2.41499996 -5.53000020 23.00000000
-0.13519448 -0.06221339 9.66401290 -0.33088002 0.40871996 0.37768001 -3.55250000 -2.71250009 -5.57375001 23.00000000
-0.14596218 -0.06281160 9.72742271 -0.33055999 0.40823998 0.36751997 -3.56999993 -2.56375002 -5.54750013 23.00000000
-0.15852451 -0.06520442 9.64965534 -0.32935998 0.40767998 0.36624000 -3.38625001 -2.49375009 -5.56500005 23.00000000
-0.16450654 -0.05383851 9.71306610 -0.32927999 0.40775995 0.36719999 -3.25500011 -2.49375009 -5.26749992 23.12500000
-0.14057832 -0.03649054 9.62692451 -0.32927999 0.40775995 0.36719999 -3.44749999 -2.63374996 -5.63500022 22.87500000
-0.12323037 -0.06400800 9.66221809 -0.32951998 0.40791997 0.36767997 -3.58750009 -2.15249991 -5.58249998 22.87500000
-0.09690933 -0.02512464 9.57188892 -0.33047997 0.40855998 0.36616001 -3.20250010 -2.37124991 -5.44250011 22.87500000
-0.07776674 -0.04785645 9.60837936 -0.33039999 0.40943999 0.36775996 -3.63124990 -2.02999997 -5.15374994 23.00000000
-0.13040883 -0.05204389 9.61795043 -0.32975997 0.40840001 0.36703996 -3.42125010 -2.36249995 -5.28499984 23.00000000
-0.14775680 -0.05862416 9.65145015 -0.32975997 0.40840001 0.36703996 -3.43000006 -2.25749993 -5.58249998 22.87500000
-0.08255238 -0.04307081 9.62094211 -0.32919998 0.40719995 0.36456000 -3.77125000 -2.24000000 -5.70499992 22.87500000
-0.05383851 -0.03589234 9.60359382 -0.32967998 0.40783996 0.36599998 -3.77125000 -1.89875011 -5.54750013 22.87500000
-0.13519448 -0.07118648 9.69691371 -0.33047997 0.40767998 0.36687998 -3.87625007 -2.29250001 -5.70499992 22.87500000
-0.14297115 -0.04785645 9.69332504 -0.33007998 0.40831999 0.36696000 -3.53500008 -2.13499999 -5.32875013 22.87500000
-0.15553348 -0.06221339 9.66640567 -0.33007998 0.40831999 0.36696000 -3.43875002 -1.92500000 -5.36374998 22.87500000
-0.09391829 -0.05443672 9.65503978 -0.32911996 0.40703997 0.36295998 -3.22000002 -2.75624990 -5.58249998 22.87500000
-0.15852451 -0.04426722 9.69093132 -0.32911996 0.40735998 0.36447999 -3.01874995 -2.26624989 -5.80999994 22.87500000
-0.13459627 -0.05563312 9.67358398 -0.32871999 0.40808000 0.36712000 -3.56124997 -2.22250008 -5.65250015 22.87500000
-0.11665011 -0.01615155 9.51805019 -0.32904000 0.40911998 0.36679997 -3.27250003 -2.17000007 -5.31125020 22.87500000
-0.13459627 -0.06819545 9.60957527 -0.32904000 0.41063995 0.36728000 -3.50874996 -2.02125000 -5.37249994 23.00000000
-0.15194423 -0.07238288 9.72562789 -0.33080000 0.41063995 0.36728000 -3.24624991 -2.43250012 -5.70499992 23.00000000
-0.17108681 -0.06041877 9.66700363 -0.32919998 0.40679998 0.36391997 -3.92000007 -2.39750003 -5.40749979 22.87500000
-0.12442678 -0.05144569 9.67298507 -0.32935998 0.40543999 0.36631999 -3.90249996 -2.43250012 -5.33750009 22.87500000
-0.16689939 -0.08434700 9.73400306 -0.32895998 0.40728001 0.36759998 -3.39499998 -2.34500002 -5.16249990 23.00000000
-0.15134603 -0.05982056 9.68494987 -0.32992000 0.40895996 0.36872000 -3.22000002 -2.30124998 -5.34625005 22.75000000
-0.11784652 -0.05922236 9.65204811 -0.32992000 0.40895996 0.36872000 -3.59625005 -2.25749993 -5.55625009 22.75000000
-0.18843479 -0.07477571 9.72981548 -0.33055999 0.40864000 0.36879997 -3.35124993 -2.33625006 -5.42500019 23.00000000
-0.15732808 -0.05682954 9.69392299 -0.32983999 0.40783996 0.36831998 -3.38625001 -2.40625000 -5.34625005 23.00000000
-0.20458633 -0.10049855 9.75314521 -0.32960000 0.40808000 0.36703996 -3.59625005 -2.66000008 -5.32000017 22.87500000
-0.14835500 -0.04725825 9.64187908 -0.32919998 0.40647997 0.36967997 -3.98999996 -1.94250001 -5.55625009 22.87500000
-0.13459627 -0.06999006 9.71007442 -0.32919998 0.40647997 0.36967997 -3.71875000 -2.27500009 -5.32875013 22.87500000
-0.17766709 -0.06999006 9.70827960 -0.33080000 0.40847997 0.37000000 -3.76250004 -2.51999998 -5.49499988 23.00000000
-0.12981063 -0.08374879 9.76331424 -0.33080000 0.40984001 0.36671998 -3.07124996 -2.60750007 -5.76625013 23.00000000
-0.13938193 -0.07657032 9.68794059 -0.32847998 0.40735998 0.36703996 -3.65750002 -2.66875004 -5.47749996 23.00000000
-0.19202400 -0.03649054 9.65982532 -0.32855999 0.40695996 0.36360001 -3.39499998 -2.24000000 -5.31125020 23.00000000
-0.12382857 -0.04247260 9.65982532 -0.32855999 0.40695996 0.36360001 -3.27250003 -2.43250012 -5.72249984 23.00000000
-0.06999006 -0.00957129 9.57607650 -0.32975997 0.40823998 0.37039997 -3.27250003 -2.37124991 -5.38999986 23.00000000
-0.08315059 -0.06939187 9.63888740 -0.33080000 0.40847997 0.36616001 -3.97250003 -2.71250009 -5.51249980 23.00000000
-0.13399808 -0.06819545 9.69452095 -0.33000001 0.40903997 0.36728000 -3.84124994 -2.42374992 -5.43375015 23.00000000
-0.11964113 -0.06879365 9.63888740 -0.32975997 0.40655999 0.36751997 -3.21125006 -2.48499989 -5.70499992 23.00000000
-0.18424735 -0.02213361 9.66580772 -0.32975997 0.40655999 0.36751997 -3.39499998 -2.25749993 -5.53875017 23.00000000
-0.06520442 -0.03230310 9.62632560 -0.32888002 0.40767998 0.37007999 -3.39499998 -2.32750010 -5.64375019 22.87500000
-0.14237295 -0.06939187 9.67836952 -0.32992000 0.40767998 0.36687998 -3.93750000 -2.45000004 -5.54750013 22.87500000
-0.08135598 -0.04127619 9.55154991 -0.33063998 0.40840001 0.36607999 -3.47375011 -2.37124991 -5.50374984 22.87500000
-0.13818551 -0.05324030 9.63051223 -0.32983999 0.40952000 0.36703996 -3.22874999 -2.01250004 -5.50374984 23.00000000
-0.12382857 -0.01794617 9.65145015 -0.32983999 0.40952000 0.36703996 -3.67499995 -2.36249995 -5.28499984 23.00000000
-0.17347965 -0.03349952 9.63051223 -0.32983999 0.40672001 0.37143998 -3.39499998 -2.67750000 -5.53000020 23.00000000
-0.10289138 -0.05264210 9.71067237 -0.32983999 0.40640001 0.36656000 -3.48250007 -2.54625010 -5.11875009 23.00000000
-0.17647068 -0.07956135 9.69870853 -0.33007998 0.40831999 0.36528000 -3.78874993 -2.26624989 -5.76625013 22.87500000
-0.15852451 -0.02871387 9.70887851 -0.33000001 0.40855998 0.36687998 -3.24624991 -2.16125011 -5.59124994 22.87500000
-0.11724832 -0.04486542 9.61376285 -0.33000001 0.40855998 0.36687998 -3.40374994 -2.70374989 -5.69624996 22.87500000
-0.02751746 -0.05084748 9.64546871 -0.32983999 0.40816001 0.37479999 -3.59625005 -2.55500006 -5.31125020 22.87500000
-0.08434700 -0.04606184 9.59222793 -0.32823996 0.40728001 0.36607999 -3.66624999 -2.18750000 -5.40749979 22.87500000
-0.16271195 -0.05922236 9.68315505 -0.32927999 0.40679998 0.36544001 -3.57875013 -2.07375001 -5.43375015 23.00000000
-0.16630117 -0.02033899 9.63649463 -0.33063998 0.40752000 0.36784000 -3.61374998 -2.79124999 -5.39874982 23.00000000
-0.05623133 -0.04666004 9.67358398 -0.33063998 0.40752000 0.36784000 -3.31625008 -2.27500009 -5.59124994 23.00000000
-0.05084748 -0.12203396 9.71366405 -0.33032000 0.40911998 0.37592000 -4.19124984 -2.52874994 -4.89125013 23.00000000
-0.12143574 -0.02751746 9.64247703 -0.32983999 0.40847997 0.36616001 -3.25500011 -2.04749989 -5.27624988 22.87500000
-0.01794617 -0.11665011 9.64726257 -0.32911996 0.40791997 0.36744000 -3.78874993 -2.84375000 -5.67000007 23.00000000
-0.18783657 0.01854438 9.67119121 -0.32919998 0.40711998 0.36656000 -3.11500000 -1.82875003 -5.36374998 22.87500000
-0.08494520 -0.07477571 9.61017417 -0.32919998 0.40711998 0.36656000 -3.36000013 -2.36249995 -5.29374980 23.00000000
-0.13938193 -0.05024928 9.65324497 -0.33007998 0.40991997 0.36175999 -3.43875002 -2.52874994 -5.65250015 23.00000000
-0.08494520 -0.02931208 9.57727241 -0.33039999 0.40855998 0.36751997 -2.88750000 -2.85249996 -5.50374984 23.00000000
-0.12622139 -0.08973085 9.67119121 -0.32951998 0.40823998 0.36847996 -3.71875000 -2.60750007 -5.51249980 23.00000000
-0.15314064 -0.04426722 9.61795043 -0.32935998 0.40775995 0.36816000 -3.54375004 -2.46749997 -5.35500001 23.00000000
-0.11126625 -0.05922236 9.68853855 -0.32935998 0.40775995 0.36816000 -3.23749995 -2.32750010 -5.17124986 23.00000000
-0.11246267 -0.04067799 9.64965534 -0.32960000 0.40808000 0.37272000 -3.19374990 -2.47624993 -5.38999986 23.00000000
-0.12801600 -0.03170490 9.58624553 -0.32983999 0.40871996 0.36895999 -3.48250007 -2.26624989 -5.66125011 23.00000000
-0.13998012 -0.05324030 9.67836952 -0.33055999 0.40887999 0.36728000 -3.72749996 -2.22250008 -4.93499994 23.00000000
